1749159
7250493
8729850
0692557
9847164
8341982
9981568
2108817
2894258
7771634
2344972
9195891
2467296
6412161
1153502
3104877
8488937
3863038
4481147
6706609
3350655
9984858
9312248
3425739
4178449
3298894
7542072
9916805
7382433
9589922
4911625
5850316
7357736
7839091
9018938
3278710
1101111
9350183
0210761
9357834
9560474
9992804
9138694
8108609
2423198
5481301
8755702
4371870
7315728
5586745
8183053
6667055
6606292
2569760
6096727
4170850
5341094
2385912
7493395
0988396
6054747
0977599
6935211
1371866
5391145
0546511
2822617
1831873
9150001
3414085
1397944
7464333
4976104
7241792
3450702
9160040
4823326
6970328
1471280
4977900
1727593
0948873
9181413
2597491
7830728
3703643
5436984
4689015
8033385
7527267
4733235
3036072
5605544
5837266
0176140
8218500
7392262
6436909
3572472
3945394
5405826
1510780
8752645
3786668
4303733
4689608
3805656
8257367
0391135
5552127
7484858
1273802
0347890
3337713
0395560
6660496
1779724
3034729
1885339
7285825
4652695
5301400
8065628
0979387
5607881
6278180
9462804
0853373
5808610
5511405
3378012
0070671
7240291
9381979
5182274
9433297
8925539
0942027
1149287
3147090
3975160
0834486
3966744
2344712
9850676
7713016
5813453
5897436
2989485
8648177
3770551
0460578
2092353
2337322
9687680
9384891
8972110
7823222
2912089
0372911
5451700
8484508
5847177
0186668
2080278
8731538
9144908
9322853
1689254
3773262
0287881
1656281
9797208
4117132
7905618
8519133
3830944
0840813
6306700
5756431
1001683
2025574
1798066
1619242
4520956
0806897
8610211
8724928
2932815
7983685
9412894
7926344
7861199
4001439
0428659
1509562
4071012
3997834
3070152
1785083
9973153
6416908
0592993
6477198
2622734
7016915
6167437
0481583
9966126
1332149
1727789
2798406
0547567
4641877
8616840
5012974
5714162
3970235
1883275
8378782
8945519
7871304
1338488
4963104
4691113
9902679
2724272
1242613
6042568
0861992
4911800
6973272
0981769
7305383
3503456
3470182
3349514
6474304
9002249
4646869
3675863
6396764
2121466
8348173
7959224
6528110
9610990
1366107
6998452
6691674
3613803
1770994
7505671
1562136
3972379
9872206
3069872
2660806
4329103
5727612
2593064
6542712
4545496
4601914
0816746
7534397
9187178
3504521
6990881
1645869
0954162
9282040
6366609
2456529
9707878
2757057
8640191
1519912
7839382
1798164
1472492
3010760
0706887
1977960
8453362
7405794
6158156
0690430
0344207
8660477
4164897
0146117
1621548
7455403
5533081
9109056
4347952
0447273
6521520
6024552
7909312
6803010
8167876
4328951
7269807
0421291
4301933
6547532
2044519
5670103
4263224
9210894
7329414
4988371
6526062
5204194
6143775
1207590
1136976
9455047
2717232
1769228
8269239
7696955
5688234
5515246
7323839
3457245
3572441
5435920
8086251
2995374
5059100
3428111
7519511
6076349
8155538
7609097
4756558
4016574
7692473
8529102
4756945
7809112
8004059
9175426
1461475
5151653
4686721
5798766
9287997
0205803
6008442
2298957
1712245
1714387
5193517
1448576
7767921
5534941
5422988
8433132
1920839
2217305
3138781
9247460
7566046
0310096
2421982
2937816
1702777
8980348
3479183
7385268
9412927
1272526
1539271
0096007
9730777
1346412
5474726
6998569
5430989
6537912
7625262
6879991
3298453
3108067
1091011
3761076
1483618
9175081
8463970
1289277
7078160
6635953
2784552
3834877
4672909
1773181
0629251
9597218
1040280
1776878
9069308
4458265
2334638
1631489
0408049
4300900
6310759
5161609
2062531
5948081
8182560
5354762
1082334
7627662
5819541
3691223
5972779
7186684
1532737
6285235
5385193
3329267
2765088
0614020
8615454
5718207
5153598
0767300
3394493
5357566
8729532
2084990
4910112
9963402
3199722
0347161
8940108
5106542
8278572
9627415
4301925
3364380
5106592
4378009
4198475
5893778
0842567
6898603
4063613
9842147
2597844
2712167
8554262
0319420
5362542
2493477
8671023
1587865
5214276
8494893
1203140
6161474
5528562
1500736
6056837
8843186
4050328
8613105
8046728
2342733
6678574
4577702
4033753
9454242
1404422
6795414
5498339
9745261
6718739
0965206
3082368
2896709
5955783
0725439
9165281
0037864
5058928
9343894
2828363
6545292
0393225
6383705
4599448
9437606
8284212
3150545
8930691
2805230
4681955
0508494
2713013
5036883
7236383
3901902
0398808
5047962
1548355
9242488
2176732
3640214
4877113
2584905
2036750
2699871
7370558
4229869
6891985
5233462
2131601
5014451
7269444
7677366
1044197
0960049
9080112
8528622
8236050
8455671
1621643
3751041
8258810
6576566
1409128
3407132
9074341
4749380
7507487
3569079
3477318
8662548
9307017
8011109
6034304
8567552
0468085
2944418
4489873
5588225
9507907
8963947
6761285
5291869
6796019
9888616
9993415
8272265
5998090
1977961
8235604
3743456
0381199
1035769
7806878
8064913
8851550
4698483
7016558
6250449
9670018
4181112
2159713
5684257
8772059
6146460
2208041
5348442
0236792
4135659
4142855
0370072
1670748
1660143
3616747
9093318
6440537
3747330
2859314
6017934
6144459
4326989
0991293
0009303
8168577
5136870
3535769
9816306
6862862
0276398
3376279
8203303
7881086
0058501
7000811
3301155
5690442
9108614
2395679
4550375
8888709
3154098
9443832
0608384
4508103
3809059
7350232
6362614
8187636
5693146
2993671
6576898
7466645
2725355
9277919
5188341
5875810
9849838
3058358
9796900
3650832
7681914
4656353
8278566
2192158
4338275
7810819
2135845
2729086
2594209
1690138
5829232
7144785
9946752
0896590
2309546
9297415
4436743
1469000
4258467
8105717
3770531
1010313
6255861
6672842
8779293
8992902
4415225
9994737
2957619
3873893
0406287
2478757
5323566
0305991
7763017
2972980
8871811
7862250
8445275
3604719
4795068
2264204
8003812
2281815
9053326
4149420
7126125
1527949
8678081
2926501
0868617
7183545
1485649
5732241
2616346
7305097
5549291
4441127
6898137
0559122
4081297
7841550
3490824
0181002
9446324
6073951
7345652
2402446
7221982
2766841
6433609
6819802
8267144
5911669
6422034
7776739
5611561
6672889
8199913
8975484
4884794
8418843
5323547
1595894
9061412
3722124
4093677
4420033
7729159
1063821
7732929
2999658
6116950
4275886
8771420
3257936
9805695
0148949
9088451
7078746
0904939
7056674
5368797
2014121
2136087
0359893
9939557
5799085
2371357
1286444
1848840
4536816
5557763
9565093
1842061
5490046
2802408
0524244
8976651
5246168
9101674
5650572
0689641
2533286
4434208
7322651
1771871
0628135
0011293
9710556
5793442
1296938
8689729
8407481
2402556
3408739
5508935
9135485
4359306
7551458
5878023
1705413
3867871
7828593
4978029
9750502
7133395
1709293
7988013
2619395
8893824
4637205
6991757
2242345
8587606
6934454
9013589
2118766
0251204
8614796
7844772
3727617
1576158
6094113
5381543
1333638
3985329
5417364
7400274
1153581
3195864
3180161
4595666
5632436
8042405
7958186
5815109
1308738
4599394
7487476
2729355
7503142
7834617
1350096
0607984
8347731
8353706
4400438
5504406
0504125
3941441
6921072
1805258
0592577
5591661
6729167
9689809
4909069
2305615
9376857
2549687
4211262
2627595
7612257
0667690
4526058
5729693
1345705
5008479
5387858
2776124
7654375
5767531
2358199
6545970
3937326
6184763
1505483
6348179
0012266
3617083
7525473
4236499
4275251
1832357
7289907
2269909
8528712
8625197
6403158
8698399
0388794
0666885
7414639
0753934
4432705
5401771
4311522
5474273
3994377
9248255
8774492
7636198
4505829
9670206
7158432
7010019
5072930
0776748
5431876
3596912
0497398
2434360
0447430
3685261
9878840
0861033
2609728
1821681
0969127
9348256
4558939
3475167
5360664
6315044
5127505
2108284
7218781
6539979
6329556
8385291
3064356
5896142
9283681
8987628
0017425
3964315
8003721
6433399
4742522
4379782
3769769
9694929
4966441
5965338
4465821
5056576
5001275
7697340
3721442
0841797
7803080
2101212
5768525
9005039
1019166
5373546
5538076
7508979
7013555
3019746
8195320
4469870
0727080
3220215
6798495
0483793
1376911
3654825
8135692
4291174
8080949
2659642
0101168
6453551
3540187
9916399
8586351
3557070
3422221
3780205
7659744
5853574
2433841
5011767
1649203
5354366
1310279
2816148
1413710
9489324
4294474
3529624
2464777
0174804
7817035
0129195
8678990
0633325
1656095
3089370
7477763
2998980
7644333
0585802
6883682
7223955
9575755
2460046
3474681
9379069
7794565
2622485
7604188
2547659
0462471
8921883
4685729
5803403
1880716
1861333
9166411
8630362
1419769
7230825
1635385
7682005
8703173
3649882
2141085
4967733
1063931
6500466
1411850
6067133
4434888
9483712
1547418
2381145
0833185
1606682
6098861
1738216
0790126
7154412
4561288
2554224
4196416
3140824
2302696
7476018
7817697
1756263
6081316
4259523
0482091
1123104
3647368
4318041
5975999
8683604
7742890
8945388
4758572
9240011
6322663
2684122
0056009
1409515
0417930
8394209
0723658
8529840
0248754
3950184
5966198
5265741
1666422
1769516
2156630
5436785
1163792
2788082
4778611
7536207
0850965
0320610
5985526
9409904
1069964
5341731
1692357
2605508
5807782
7936335
4144813
8516533
0337009
5806995
6884384
8472652
5034450
1232008
7825344
7402933
9460680
6745853
2682744
9782039
9809718
8347744
3584346
3868393
0498568
9647702
8322971
6748662
0307436
2538368
8368990
8109893
6748200
2647583
5884202
2255008
2400555
3328298
7442722
3993057
3133991
1442714
4662204
9099546
7524433
2142129
1939497
9896449
3760821
3260329
9755644
0292705
2749255
7540351
5110703
0719039
9750408
5242375
2773938
6795431
0893860
2901539
8344174
7320607
5704814
7550847
7648919
9460398
7860281
4534309
7573233
9817345
4929667
9465853
4008446
3716696
1626888
1955708
6352669
5122012
0289402
1284079
0153308
7247183
7844165
8021244
5168153
9679291
3699016
0993232
6078932
2350847
3793516
2015445
0733951
1968233
9357067
0681470
6805257
4565754
8755800
3858093
5217069
6637730
0760343
7151581
7528604
2990886
9351841
6464735
1754452
9575490
1918532
6117413
2619831
4443399
7617040
4652455
0218456
0782440
7226221
6991694
0011148
6106755
2800947
2615395
2749810
7013656
3271904
8058897
6132221
0057118
4261885
4586799
9355908
4837158
8700349
6633343
0377123
3569202
3667868
6413657
5971827
3692185
6962582
4719095
6937582
2585759
8399238
7858331
1025483
6802594
2362636
8708145
6188806
0761930
9991912
3175022
3199006
8327252
4892905
5497882
6225448
2949875
7153969
2923140
9145535
6258672
1719993
0162675
8499442
5264637
5854533
0594025
8517197
4693133
1724047
2094750
1163645
6997510
4976234
0501928
6798617
7533820
9407933
8321437
2154874
1696136
7887228
3496521
3936228
0371275
2491285
5615968
2493943
8350051
0709704
3155882
8970585
9679012
9343791
0105767
7730490
8570744
3337466
3797705
0018912
4723774
4907682
6344794
8093979
5445339
3052380
1338635
5364606
2750274
6881320
1920135
1562667
3223072
7198736
0673989
9369713
4632183
0430140
5273803
0167886
9609510
4848888
6217993
9780199
7065912
5315515
7163211
2622972
2158363
2406045
2195718
0141140
5560761
6629817
7557629
8489813
8724556
1001928
1154899
3941874
6679715
3443272
7990690
9647942
2861905
7927485
0592812
1631914
3051654
9480468
0207649
0939028
5712615
1871853
6798480
7333966
5441771
0943528
4385312
0644272
9837008
4719657
3592329
8234980
6030378
5444791
6876159
8701302
7025973
8104892
5009845
4785899
3615649
5791829
2150472
6943436
2720170
0873455
6924214
7062063
5343820
1575980
6820488
6782851
7869802
8324343
4938327
8186392
3669185
2059836
6605731
8608409
6825200
8337622
0128501
7868491
7401393
3508751
0042905
6454855
5803607
6003244
5416116
5764983
7021486
2042374
6157991
1343334
6367532
6760683
1408177
6913319
4840887
7496047
5613977
0937744
1787475
6506594
7022233
2557879
2759729
2126065
0142857
8251259
8949477
9762602
5139333
8853482
8571934
9551759
1061657
5303745
4281096
6054081
4925788
2046571
5455891
2938860
1488843
3571721
5049776
6166022
5725754
0501198
7907904
6904742
8459849
9174441
8398172
8159999
7432857
2812309
0648618
7309408
4891905
8197532
2830070
1872432
7658444
7460906
1737077
8930091
5963304
6043773
8197392
8485001
0744760
9134062
9627848
5777882
8761744
9630472
7345309
7874399
6325737
1417798
3851461
6958193
4605233
2054246
3156112
0783144
8750880
7937676
8933315
0566160
1279234
7935025
2157782
5162142
9197398
9357754
2045674
5145267
0602875
6595038
0122470
3259798
3378797
4471456
8110406
8796303
2297520
1580394
3989177
6180699
4716894
0486716
9438045
5268807
1774037
5257826
0369728
9578703
1733270
3742933
1326955
2764184
0661433
2074250
1893368
3756778
0552824
2008790
9741718
7764221
7479635
5418748
2663653
3560762
9597853
8286227
4391863
3118622
0817738
6272202
6821005
8445206
1055212
2504066
2001361
2575961
8168446
1493956
2152192
2547962
7489760
0979314
4720816
0648654
8492366
5087754
7922719
9652241
3573834
6824545
2063030
8816068
1678192
0774277
9621538
4095864
9682115
9246988
5149266
0667939
7366879
5038318
6359332
5436805
2143564
9145320
7520385
0061579
5689050
4188780
8405162
9753299
6039500
8491953
7734266
1935684
7338757
0392750
8360096
7052508
1560057
4261209
8282600
4015049
6603543
3603089
9592738
3973467
6663836
6800552
1478871
5213820
8935382
2415967
9182232
5035068
4961379
9964141
7018718
8071130
4627353
5173030
7254351
7136815
0391737
3606732
3883867
1967118
1522153
3777856
8294215
6549020
8147040
7276251
2423585
2002698
9222497
3282411
2734699
2801553
3061617
9733810
4477002
1461973
0630024
1266342
7486758
3373240
9977284
7828356
1953316
7283286
5747020
4653541
0817537
2165976
7945459
4741430
9649436
6129223
2701434
4413465
4177450
7282661
3564355
4197489
4666930
0155533
1746604
7051534
1727199
5172640
6128775
1993659
3688358
3972045
5090159
0899573
1210275
1474331
7022823
2186840
7965630
9133090
3505084
8474290
5218385
7720632
1657507
3355730
2693588
0157621
4689170
1732196
8298078
5634124
9906780
6524319
6856460
9427693
0910603
2758996
5032604
6555820
1107552
2406434
4934903
3588121
7766921
5403177
9623378
0498253
5364885
6093646
6210517
9270327
8501743
8722453
7494598
0116623
9955675
2696782
8764924
2126693
2296489
8071431
9040003
9755792
7655241
8003529
7243855
5982995
7585307
6649766
9850745
7411362
7849673
0755777
2490335
8188566
1896364
3164341
2300556
3030056
2321283
7597625
6385960
0662269
8204651
2367483
6279451
4266193
6186719
8835019
8536641
2174524
4508585
1287175
3992180
1363470
4242387
6441968
2925700
6192795
4778340
2032053
2697713
9649752
4966831
6585695
3155323
0005629
4701183
0534629
7837538
1064280
4415371
4875409
8362113
3307878
6557077
4106897
7821514
8964362
9157645
7730754
9968611
9962941
3938553
3521347
5182769
8566597
2451228
1158544
2767332
1621954
8971059
9361982
2151093
6457199
7914779
1556005
4486374
8657941
3080343
2658238
2407388
6240852
4497719
1203718
0288001
9559347
1516113
2664559
1206243
1397092
7249922
9406936
0172351
7370406
4761165
1317410
1268679
0774120
3092112
7393307
0402333
9830362
9542065
9685334
0462546
5540434
4088643
4958443
9844710
3077728
4805366
5365852
0031860
4497000
3984401
5810227
5823377
7457643
9506719
6221987
0531929
9887867
8690604
4087941
7638887
3973635
8968561
4306439
4065481
7709694
9058628
7052273
6030191
9063213
6459899
6365900
7030442
6486367
8191382
7603562
9268245
2004213
0717926
7236089
9877574
4691356
1256757
9169736
8754824
0839979
3384171
2757236
9523732
5074987
5633447
9350929
4428782
6683421
4717269
6835147
2067614
0599197
5529427
9610774
0895469
0938324
5310824
0500549
6616258
5109073
0474812
0858094
1994508
9300638
4331105
1942334
3066238
4468397
6300638
6885099
2899106
1096265
8702874
2357156
7567648
8545236
2733619
2587578
0186424
7540240
4318417
6433722
3966647
9219502
8092336
4580323
4233700
0012940
1740668
4234753
8345310
7465119
9872788
2225055
4044467
6913079
2258469
6275450
4483283
1284476
3338525
2577860
4332420
4583963
7801186
5336601
1376432
5220915
0928500
6144969
7309052
0860325
1782632
5371617
0937711
3193996
1889712
7445508
2624424
6100682
3775462
4860374
3361416
3332944
0273392
0618375
7539787
3812384
2503302
2698627
7410092
4541190
2492904
4159015
8364865
9996725
1744774
1102717
2788824
0009456
5921909
6105683
7788802
7214771
3719923
8353716
4561033
8232905
2656778
2550039
3724847
8556606
0140956
8791710
9594639
7702206
7415263
3279579
6878808
6304336
2997452
7330038
3413425
9296704
2624790
6254857
2000682
7806726
0169388
2317446
0777519
5214231
9008716
0474828
7375754
2571916
6171207
9785281
1894331
8889592
5746435
3041242
1764815
1531171
5256386
4663769
2467041
8276731
7855372
1300732
6301245
1722745
5437118
2985287
8002225
6765716
9530287
4701643
1435936
9118501
2983996
9017267
1706943
3188800
3547434
1011110
8369801
5098109
8878850
0171404
3445199
2490390
6502232
0149134
1931607
9482916
8199508
8544343
5631375
1407982
3788117
5759423
1285005
8949300
3627475
2083317
4797868
8993821
6158318
9317387
3206482
5512379
1215149
7450769
2910187
3456309
0554278
8267954
3202342
4648027
9878915
2839572
5027689
6092139
8167321
3674527
5798790
3956383
3115426
3348349
8432311
9644291
2504208
7331089
7673312
0512771
2837859
9941759
2760977
6042152
3007386
3563364
1903198
4267946
5322412
6994579
3455370
9205818
9953255
0428423
4275224
7870448
9496294
2461208
0835708
8515008
6393178
2315899
6124139
4991127
4825178
6289388
6967176
1029243
7341552
3385913
4666499
7776743
5361901
0560492
2434407
8718053
6435710
2603784
6396324
2831791
1494436
4925206
9247037
3612921
0595226
0473263
6577553
2186932
9405801
8153983
7557203
4447220
7119164
3713267
1702742
5735270
1972903
5358824
4848536
4964111
0217226
8632583
1906444
8178196
3835517
0934544
3574617
8807325
6549521
1708178
4651671
4171617
0317892
3534453
9124228
8526778
2136042
6457818
5152120
0678261
0063368
8589919
8981572
8147982
1853620
3409172
5019717
5109556
4705218
1773592
1534009
5958899
2694674
7199932
6597406
9200718
3094102
5004417
3570695
7873119
1655012
6542345
1101483
7976806
7264278
6016167
3088235
8683696
0976915
0633293
6953420
6796925
9667396
9558007
0550665
6819876
7542443
8181003
6343066
0540286
3076487
8234277
8437961
8793332
3096902
6187229
0472285
6913309
3627490
8132788
9325493
1333337
7108922
5976720
8435285
4939805
5243748
7405435
8182958
6006222
3643111
9209265
9107424
3059796
1406130
1921748
2044755
0678194
1380669
8997319
7723553
3220606
9648160
8347497
9666699
5339315
7840709
0878198
3806043
2066480
1809812
6076580
0928424
0244511
8978707
3566425
6465189
2148374
2776096
2393686
0032785
2382478
7030952
9580935
4037855
2427455
1310207
6161364
3622033
9668597
6020582
2478277
3817352
7986966
9853994
7406860
4098191
3187928
3286193
3033155
2956076
4628936
1133151
4202303
4554821
9743863
3120951
1556270
0230157
6736880
3407889
8268559
2032082
8304051
0214755
5514271
3575282
3569479
9763726
9604076
1023352
4408344
3517443
2267680
5561954
2379396
0952241
0497257
2019647
2344878
3433600
8680253
8249210
3496171
8609595
1819883
5246863
7820389
8737142
9675651
9322160
9750176
3907065
5739350
0877469
3653222
4695707
6981144
4066280
6800689
0225024
7663330
6810530
7695614
0938153
9345621
1441912
6347652
9735066
3404815
0718772
7685687
0937046
0977201
4826453
1624788
8139960
8628594
1227036
6023943
0508055
1085335
8889224
8780399
9094808
1886945
8651694
7111503
6433993
8189819
7367108
3152750
0697644
2929636
9828576
6027252
6505210
1761121
5271063
7077937
5871859
6407948
3053567
4617635
1616056
6245297
6658540
5325164
2550701
7456562
1184910
5781184
1020188
6619187
1592031
4695765
8930512
3024453
2844748
4998331
2882317
2059397
3717756
7622991
0150894
1628471
3490319
1572611
7582413
6355234
9042672
7542331
2328597
7201710
6446209
7709837
8409905
7637746
4774227
1718256
1479348
1117978
6265167
8803913
3182057
6765660
5158782
0105540
1405869
8678256
0811140
5676602
7014024
3051825
3889435
9368116
7093964
0278420
4938403
4697942
4087719
2472365
9647315
3260790
8630802
4767730
8003798
0924365
9527879
3768920
0001643
3495088
1269981
4482392
3245467
9735646
3241997
0116663
3236844
3448969
3540160
9594237
6541307
9758868
0173295
0289699
1709264
4045316
7421873
6485760
0620738
4385717
0380627
7428962
5367384
9616685
4861568
1557773
0575866
0453316
2735042
8503229
5153053
0043676
6703714
9013685
7824401
1231805
3054435
3658510
9492646
5405310
0631266
3476882
2882172
3560192
8997183
9197737
9620894
8302583
9876559
6418476
9591884
5309149
5161606
4977223
3055660
9473631
3665216
3006992
1681824
2028492
4804403
2467967
1505358
2653430
0025646
9485797
7511675
4488610
1438301
0767801
6265813
9219308
1799319
0535822
2701065
6765222
7482161
5239172
2348518
8816977
1501613
4077581
0186536
5344630
1795197
5725352
5710801
4905823
3979305
7997036
5881729
0648599
5077680
2612110
5888149
7937509
1847662
1453364
1052552
7100434
2467721
0555751
1109400
5114539
4743741
2148309
3735593
5494187
4079631
3929313
9140462
9806755
9199313
5312598
3738790
3638195
5987382
4021497
2576867
3630174
1149269
0661224
9810139
5890845
7333907
2832341
2282303
4826470
2466853
0640496
8428304
3564879
8075524
4658518
1807226
6771702
6408951
6307121
9883686
1643733
0132716
6914335
8494600
3947471
7479020
7642550
6735818
7760611
5336991
3322492
7271072
5344519
3925249
1250019
0639910
5037434
1357334
0999671
7795271
3066793
3899209
5729512
4070871
3900761
1852698
3983453
3457104
8290410
7738474
3843373
1262623
9211830
8589047
3912779
6997662
2297658
3166567
3160071
3823970
0623545
6428928
7119060
0021583
4736776
8651668
4198459
5313990
7838671
9342295
0389405
1230702
8302106
9832083
3127033
2575898
8593507
6931666
0903701
8923831
4220955
9150375
6517377
6547143
5107182
4261065
9409860
7068713
9333886
8407754
7483347
6168661
1186370
4056761
8488440
3546302
8278279
9228602
8131719
5484267
9277174
4033102
4779127
1864303
3408349
0950429
8047078
7355222
4870710
7278379
0645500
7462941
8158480
6773237
5936567
8255550
9419118
2118798
9099115
7799483
6945209
7460734
1601530
3954286
2079611
6793386
9609908
9255027
9509113
0817745
1402503
8770060
2104085
4716578
5858794
1294812
4184309
2431790
9082591
6177895
5094052
6041423
1858025
3184702
5992833
3338440
7374335
8827862
7995184
9516501
8094300
2954092
0020689
3324432
1343022
1293061
3868155
3916007
2278908
5562316
1539289
2887701
7178064
8513173
2966289
1156453
9761963
3026124
6008711
2433317
4665249
5397649
4819664
1924133
3028338
2902834
9966146
6722371
1464270
0144509
8694480
2356896
7845190
0970033
6738868
7080962
3230745
4438813
8033623
1503782
1391349
4768061
3914680
3226550
6268811
4821385
0216877
0649467
0967383
1406639
0977819
3859969
3676131
8351388
7127434
8525410
1052958
6413869
7413510
7693660
5559601
4101562
1387361
4888547
0093907
0030046
3680657
0393010
5155193
2310337
5045500
8149514
3232878
1241879
5588671
3446214
3945296
1620353
8667752
5948128
6893329
4431260
7230467
3697850
4749108
5025384
8919506
9365551
2362064
5387976
4600900
9492229
3140251
3614627
3099728
2119947
8495139
5035797
9589259
9827207
5990127
3909141
8342604
0023412
1210442
8262701
8663292
3875653
3980710
0959914
4018489
0877358
5631848
4910160
4621815
0022590
4583211
1228426
8836574
2483324
2835971
4945168
5697158
7181214
2425274
7835754
3025449
3213456
0426152
1958890
2761463
1980906
7708028
3002469
4552710
6742995
9852727
4761251
1415995
2916430
6319035
8088124
6358157
7141901
4235155
7024952
7364730
6782040
1527443
6693382
0685739
3476223
2880744
0731258
2793956
4304411
8350065
7991097
1525592
9116342
2449797
0723180
3047183
6279975
1427619
4181376
2985127
9042909
2426682
0539066
4202431
5954902
8219661
7934572
8396259
8123520
1120317
5136090
0927460
3103038
8432978
4981465
4854033
8890662
6855948
5544918
6835060
2880954
7775699
7937928
1352973
8049193
9301629
6348395
7881139
1353267
8722741
1028045
8042174
3037163
3200230
9906742
1959007
4821495
2869987
2681227
2777861
5381080
5131557
1575428
5657248
1649590
7708819
8352175
0457192
3937072
5523664
8245521
3158469
3035249
1645563
9723767
1565663
3473219
5487447
7327148
8226464
8556267
1608857
6729973
0872437
7709915
7034960
8392894
9143798
8197782
0051108
5412386
5373526
4459097
7188935
0257651
6279105
1428704
4228208
2524096
8415292
8428276
5707355
1424604
4028527
3831185
6103707
5392817
5875541
3912626
7231983
8887839
1911830
5732859
0879270
5059794
3924062
3130201
8578631
5962269
6400163
6575566
3433009
8896024
2445007
7298067
0025323
4450174
6259399
6210898
2236765
9787652
9909114
5286885
8264481
9656361
0399629
9141115
7719912
9678802
7666905
5305000
3035644
9388159
4848771
9890558
3707036
3673575
1090339
2877077
6402562
3948113
1633241
6170524
1649505
9971660
3362951
9088290
2987050
1862856
3286867
6441524
2533699
9982777
4658604
1634993
4670485
1801670
3901027
9172810
2134318
8290654
7786412
5712266
0492473
5265184
4681406
6573001
5383363
7048433
6274597
5133388
1164900
8377702
2794047
3999010
0576227
9257080
4372068
4248526
5753685
7326211
4883067
0521338
4417232
7372414
5322638
3159132
2211164
3856892
8580132
6432172
0874658
2859318
3595052
1772054
6185098
0025224
2233562
5877487
9639929
4917648
8005128
6476744
7190128
4228006
6984536
2711904
8157507
3615478
3872842
8514499
2911425
8792355
2049901
3545475
1513660
5355921
7443569
3487354
4483638
9088895
9329680
7030428
5706437
4081682
9718106
3375868
8580946
8427428
6769443
9219068
0375814
0846047
7653508
7833593
9793822
9897463
2118205
1953928
9991577
1659045
8965168
4835240
6980207
5225745
1295051
6569651
9715179
6064509
1588671
2676659
8462621
6542356
2222336
4312713
5643208
7099725
4482403
2520411
5989823
0452960
0779129
3592218
5824498
6766969
4718006
3224103
6060655
3532116
9006118
6363410
0356504
7866189
8072706
8971046
1818632
4012566
4107842
5483417
3440722
1138872
2937087
9814764
1792181
9410171
5359548
1003633
8619994
0194095
7578704
0915949
8686342
8989673
2993796
9479657
6310115
3787614
2316872
6459333
7377008
7953644
6811314
1260849
3552075
2677690
8465558
1492945
9450455
2797525
8306104
3947762
6820595
5934383
5346334
3019280
0975914
3685555
7658021
5777080
5352023
2365820
1078839
4773622
9401612
8815936
8962918
9395580
4382123
1016902
1568015
8880030
7082852
6949128
7449375
6769527
8406590
1363948
0639718
9278028
7629989
3333932
8555141
1784093
4027460
1582564
4668290
8131502
8214789
2150923
2461696
1495818
0534180
2806978
2874398
5723050
3899968
3271246
0344557
8029540
0086508
2604090
7196706
9024290
3616412
3522274
1086509
4909600
0905849
9119679
5434733
6080983
0638601
2821873
0882782
1033810
1725995
7296667
9916009
9027093
6465032
9100317
8577610
7702574
8189716
8372308
0553936
8786745
2277300
8928783
8219212
0537524
1543336
7387380
7223373
8117532
9390474
6257907
4123775
5564879
5804235
0996227
5530761
0206007
4083277
8890725
1029515
0635555
2267199
4032311
6643945
5346217
9578342
6818898
6899154
4877504
5504325
1581000
2719241
5357757
2998679
5797819
6305385
6893447
8413078
3183646
6727104
9167914
3804924
7228580
0620606
9012529
0929476
4192761
8003017
6385282
7214511
1142025
5565994
5287627
3993700
9674173
5041766
8448814
8318591
2339305
8191418
6407685
6142876
3177685
6819080
5755819
3240054
0019038
5420941
2210335
0051045
3381553
7374079
5114010
6868162
3066874
6183425
2015262
4748274
6710115
9066122
4884515
9572037
0022135
7437591
9096366
7580660
4598974
2288614
7046749
2301231
4155794
1215361
9801400
0397753
9402608
7869615
0907397
6557743
4439032
0288226
9322937
1542855
0669004
1341850
5610846
6451318
5831224
0800882
9880033
8200760
6387624
3443192
4253981
9115291
7739442
6517013
2457549
3915683
9986548
7721186
2217840
2839386
6713251
8601544
6203523
6198572
7539129
2919979
8929113
3575266
6833282
0306518
1569722
9265360
8351371
8288018
0560799
7755081
7223405
0013749
4469932
1849708
1962983
5054714
6286114
0444254
0021549
1184498
7698043
0805825
6952010
6265491
7702146
9763192
5707468
5763940
3688044
5824193
7990743
6289590
2533069
8035625
3312423
8863391
0403582
8500576
5147840
7276153
3890143
2490320
7583440
7267260
8346920
0196763
4698870
4322826
4265201
1328995
9009884
8777327
6718903
7146628
1740532
6317898
7943289
5276212
5542568
7551492
3207956
1343735
6914803
0362198
3587090
2705710
7023951
0766003
3090022
1958039
5134914
5737687
1847070
3792491
9054335
2086379
6520062
0055447
9684903
1174209
8057989
3145965
2518118
1787170
2049725
7877193
0461762
9569729
0187811
9390614
9649119
4874258
5031529
5687918
9282592
6354919
3963291
6029320
7686974
9330328
1697301
3466638
7306377
5033762
4388823
6925729
2612870
2584709
5192042
2530611
4857294
7270778
0168967
1876768
6834088
7278459
0856637
1455202
6739593
5433452
8178372
1175397
2580326
6934499
2477568
1609494
7915350
8813386
0707056
3137593
1473204
7149810
4039911
1305958
3046153
1228086
7042077
9519208
6058137
5848664
7107204
3711152
6954093
5823140
9506951
6902743
8551840
5280740
6027714
0680779
1086125
9093124
9818317
5902072
4645816
3481800
6206134
6830282
0253544
4330087
5317934
7060498
2645072
3337867
4562354
0883011
4811707
3284354
4827842
7773969
9649582
0952180
1802229
4943060
9586952
0403503
5065228
3826199
9406087
3148474
5565440
9769086
9929063
5690863
2246322
2289571
6447509
3655479
4214988
9062584
9493685
9910973
6324384
0921022
6788030
3951809
6316771
6882388
7469694
9859279
0753670
9782778
2373635
8325508
2260350
2522006
7001935
9405875
3886944
1748040
3314058
6124654
7214046
3228338
8518930
8817447
2563358
3292821
1435472
1512379
1196854
7216095
5290373
3494986
8330495
7915528
8587988
0952366
9538703
8265081
2724107
2106283
5466081
1306941
2247705
9710340
4214999
6783931
1296464
4257466
1177052
5996481
7481751
7136363
2623217
3245686
1823279
8548448
0856120
3639534
8826712
1644045
8239686
6555655
2710700
3333882
4365241
7135717
9779397
5636633
3445638
4492708
2404303
0780018
0035457
4153326
4816430
5140252
1846923
0599810
9286501
3750503
8345223
6391818
6203235
3684167
1576674
9900965
4909833
7551692
1118454
6454448
9018514
9046121
9717717
6945806
2075159
4649591
1159643
1486436
0936119
9106249
2879324
7141255
0983424
5719327
1878174
5789902
2751590
5764884
0765580
7663937
2999407
2208573
6463436
1350573
2776147
5946757
9513607
5223136
6820117
2065546
6577685
0155685
6193733
3858626
8846842
6111313
8029339
3404827
5755366
5620503
5078194
5553941
9947959
5039347
3723444
7102050
2540126
6491876
6550561
9234555
4100443
8310865
0870203
5016154
6923234
3585215
8146979
8728719
8189074
3766002
5769285
1945534
3933520
4108337
7189077
4225461
7431256
1366668
4094471
9589835
2245359
9029482
7392098
8275498
3739157
5390950
4615549
1947620
1075043
7161580
1022287
9764197
3788825
2064751
5940283
5686857
3193296
3550298
5190599
5083608
4694361
2289584
8500725
4538097
8402160
1145995
0241017
9398553
2671521
9623977
5875733
7607920
4739674
6768500
2863675
8380806
6012586
8013221
4787307
1433301
3592113
7683053
3590822
2698643
6106615
2520623
1188923
8571515
2403314
8033065
6369908
3281267
3605689
3094943
1828924
2788923
8427730
0214360
5249740
5801750
8590395
6860885
4071100
1776721
6041866
1423506
5839965
1555430
8849115
5753960
6846183
9620530
1419702
1726006
5712567
4055321
8242623
4029426
3594784
4604478
9190701
8789123
5527973
2757466
5807726
5311715
0897992
8675883
3528263
4984371
6528897
4689035
4188735
3936864
9882313
9781166
1024691
9656750
0528429
1472065
9687722
0726417
2443678
3527471
3944282
6693759
2366507
5035885
5947899
9807534
3879282
0706499
7744696
2809861
7903604
4686190
6066176
5345879
2964548
6707166
5849065
8992250
1084959
0550793
7295928
4539290
4019024
5200240
6522649
8456162
3080350
1084211
4866281
6227603
7917650
3316616
1453213
2358492
2058110
4003918
4756617
0099030
1343096
4247991
2457522
5085087
5614774
4976200
4495121
9518843
2617949
2933560
8851470
0953747
6175107
1005906
0705897
1480490
0671390
8507124
9645292
9354163
7157704
1972938
9927035
1833206
3349340
0556357
0445176
9531832
2699668
0135605
7109226
8333861
5388441
7614895
1526505
6968083
5373299
1871400
1753148
4791314
7846373
4432841
4205384
0471765
0150326
9820209
9978716
4301937
8990999
9223934
8656510
8363123
3421896
2131084
7922716
2513424
1653355
1066356
9345582
5471038
4648251
2861705
9224634
6010082
1826679
5276496
7960827
6466423
9555388
0667847
0749743
1126691
6027299
5681597
4129772
1432278
4156771
8251281
7444644
9607970
8704100
7530672
4351018
2306461
4096263
7826286
4928474
8580397
7981673
2385566
5201270
8093183
7921415
3188240
9645051
8555313
9409399
2632878
2802468
5518719
7706357
4646267
1874458
9897335
5599686
4172027
2883903
5251515
3157418
6708222
7574740
8271264
6671787
7115792
5498982
3081915
9551230
3809164
9426233
3176855
2465190
8784109
7039127
0497175
4837899
6370104
6415796
4411679
4831002
4756183
3554843
3512411
6697481
1645558
5069549
2787949
6578837
5938941
7590644
1062101
9993432
2167904
3773503
0736952
1563546
0191784
1528021
4421387
9958678
8956882
3608478
2550148
8429009
9165086
0476300
2345951
3750602
4852668
4100820
5992657
7928094
9130349
7048720
1400508
9505115
7076408
6872737
9973090
0748144
4334583
1488639
8733697
6152696
3168625
5857878
7633166
0895297
1813383
9249800
0798108
4289447
6418754
3324654
6598703
2931684
6470656
7650848
3242078
8202226
6405862
6660310
6108117
3303122
5888447
5346208
5684589
8221770
6406836
1524993
8461982
5974992
5744750
1971385
3461628
8914391
1936370
5958947
5412637
1761008
1426144
7471026
0727254
5050996
3703466
4801037
3540189
2436650
8735397
2539716
3419470
7551308
9577774
0318060
5890757
4821869
1386303
1439811
5073876
8786201
8982095
8021115
5239314
2832343
9524508
7717444
4316567
7817591
4883596
5878416
1792651
7285885
0432823
0725181
3870861
8738853
2841832
8571738
6197333
0639054
6237418
8463113
1336655
3137384
8686729
4396965
5055269
6224479
8462505
9002404
2973305
4947475
2697279
2927675
5601388
8757727
9869167
1859066
7626256
7978205
7328033
2669982
2825781
5568250
2110050
6806768
6802028
1237575
4855951
8875208
7654635
1557178
4528925
4937405
1627912
7990315
7297898
6980976
2857590
2992165
7445079
4683053
9040877
4161089
8062343
9524883
1921209
3801263
2775853
5703991
1606072
2474514
1276577
6827762
2335880
5491914
7472097
1748679
7480720
2989579
5105268
5537534
9628096
3408669
0037044
0603839
9068785
4763389
6126016
4172117
3115599
9533812
6847174
8871883
3474806
2627639
5576202
3486367
6668602
5375618
5994890
3947123
8249392
9014500
9764909
1424165
2341060
7979493
3787685
4141088
5132053
7025100
6868835
3167273
1342006
6342946
7665271
7632692
4393989
1131569
6512799
6960516
0417007
7064604
8701701
5605307
6299363
8093793
4945568
1118847
9237787
0362760
8290270
6875068
3538702
2293665
7305992
2005156
9636064
2003313
3296395
9919482
1747254
0228568
5856035
6157130
7865758
3663740
6233513
8478590
6481036
1704985
3713834
1402992
2446753
7252296
9642414
1036698
7941045
1627792
6823956
6722541
9310098
2673417
0384359
0118218
5600832
3035733
0041876
6460882
4118642
3916706
4257371
4539863
1340487
9944999
9444567
7269545
7634883
8690111
5764991
7819943
5851467
1796427
0860063
1638116
6579098
1555204
2937710
9183807
6537190
9485816
2962864
8051782
8596628
4990035
1294566
5444979
5871957
3355688
5390133
7663366
7242057
8892087
8405959
1640562
6644401
0557876
8824070
8454091
9739348
0631707
3369824
6479963
8509698
9601707
8574566
2512558
9078897
2452493
1650230
3582193
3077222
7631170
0112510
1665119
1188800
9957025
6882339
5172358
0838287
9385298
1533319
3038660
5578847
0247967
7732096
9983743
6830936
6662425
7847049
2753186
8865193
3979948
7323093
4137309
2499357
9975588
8581049
5435884
0539334
3933879
3121799
9630794
1056592
9917690
3414035
2776045
7767646
6140783
1944402
0339382
0752713
0825861
9164124
6325826
1433413
6908286
3331886
7921830
3680375
0902543
6592374
2198628
2148555
9630241
4426104
1790108
0206191
2254956
6712001
9448513
6564423
9123200
6349204
5447235
6868553
9168296
7326196
8386404
5442826
8852504
9796131
6633753
1341941
6611377
4771941
0708907
4797890
4037075
5085994
0227147
4708263
1559868
5237991
7633058
0366797
9108606
0460773
9709428
2530870
6389349
7015735
7741195
3566050
2989749
2991352
9578599
9769318
0596646
0491602
9836870
5680719
7462689
6939397
9639187
5586912
2033547
1664617
1657331
9189252
1266359
4128435
1624453
8624849
4830181
0316975
6769406
0035808
1217195
9413945
6248499
5835844
2729169
1834053
5087423
6452737
5335875
5999672
0136043
3275555
1768126
8398615
9719696
1065681
9613910
5778516
8899420
3943152
0518815
5142116
5785935
5952486
8287655
8353786
9530587
4210513
3585391
9319962
1783573
0106459
5705183
8844144
9828128
1288797
5179866
1496982
7211140
9751082
1557572
2626122
8271235
7604942
7673793
3242394
4487395
9867896
5661616
8859604
9244980
7449965
9308716
6343382
5630877
5775884
1353067
1906447
3013798
7974273
5473648
0488883
3722948
8207148
4128729
4711972
0979853
0602753
8884001
2298825
3448026
6307299
6087503
9326436
9387290
1085807
4973205
2277461
7614969
5374968
3816725
7675449
0369380
2938965
9623755
4184294
4082857
7983963
9793801
6052877
3881596
6571177
2849724
4295152
1334528
2634143
5805851
7194151
6406534
7000827
8936576
3021051
8895063
3081348
9671041
1041328
9210145
7181108
4506946
0254330
3061391
0389338
2353375
1281591
7416270
3095963
2582338
6142105
4717069
5360186
1367678
8304621
5405870
9036777
7620924
7424804
4299807
5866872
1223575
3470057
7941627
8916385
8733001
2600539
2151617
0037889
1341573
4818347
7081063
7122334
5629324
7686331
4299559
9912853
3133648
7375587
7361504
9591765
7637083
7674296
8763773
0808167
0938130
2078090
1802036
1976096
1043262
0142260
0223728
2217679
3027552
8700930
9707791
9936956
3655301
3544413
3558109
0102910
1935375
9815632
8143032
5868387
4581756
6105597
8803161
4819537
8996485
7950312
3227150
2651464
0528308
6640506
6783101
2695893
3891899
3193087
3516700
1547122
8161074
2972923
8701045
8512998
1042171
7106667
9365588
6740917
4467156
3594953
6023699
9150357
8761473
0413249
3234865
4931171
3759882
2428503
4750966
0866800
2582081
2374328
4632830
3714960
8356948
5628976
2035595
0323258
6006525
3424592
6431471
5451408
4062959
0798345
5819385
7979925
7176447
2557481
7611047
2219675
5550579
3835308
0945460
1099184
8918647
6105698
0195590
3898485
1274671
7863729
8073510
4860101
5857919
8283715
8955514
8802583
1017953
8193301
9677141
7826251
5822905
8333144
0099921
2949451
4497776
3290148
2068690
3934051
3021036
8042591
1895909
5445110
2474722
0711115
7687745
3705417
4908677
8794639
6990891
4055706
3375436
0494553
6607240
8764902
6682388
0537791
8669655
8960240
1087318
2827214
6226165
8859699
4048179
6054554
7254715
6439217
1692828
9566304
4601422
1004968
6590808
3340136
5782685
7962205
8471902
1984438
1173931
9090927
8417160
8007204
3187243
4817203
5202783
2028406
0279298
9647064
7730822
2174540
1551418
6709472
6779493
3366310
6641719
6499282
5168789
6373966
8873780
4466417
3108603
8199873
0758188
1992016
1267661
5866291
5872225
3042696
3839598
6216032
0573105
6984225
9904957
5974116
0168496
8366461
0694579
9634542
7379024
4859512
4432210
5767560
5993755
1367302
8866448
4353311
4644989
9060590
4380089
5185829
2614968
4408038
8252748
0178360
5548390
2677365
7921221
8696825
8007093
5780016
8887346
9558215
5339330
8941479
7114997
8424966
0088083
6230526
7904030
1792638
3168707
9414492
5375265
8625395
7347135
0787171
8456359
5462219
2887970
3145538
0677312
9666982
4782923
2367477
5063103
1229548
4230220
0758944
2902741
9752849
3433772
1011685
2230721
2388717
4488659
4562540
8888903
2224063
4173022
6927542
8165721
2158281
0115790
9429062
2791675
0786161
7283999
6894304
4584049
3760574
2877288
9342626
7632455
0993946
4401183
5526668
8217307
4232250
5078330
2961285
3206813
4404511
3192432
1385336
8753247
2690177
5726906
5651387
7633909
1713012
4864674
6289698
1094703
8719775
3395979
6563151
8824297
2288474
7613593
1827713
3900944
2772292
5852412
9098064
0165361
0097895
2445182
0830163
8460406
2387863
8839935
4683470
4137319
2765943
9274297
4988742
6081541
5919985
9407086
7431236
1759564
6139677
4714394
6102527
2623805
6678926
3479870
1122389
8800849
6755303
0214785
7886903
8869472
7402043
7256202
0880841
8737369
6584270
2971502
0419487
5946751
9062738
1549915
8447312
0245065
1441121
5003901
0102552
8331404
7149722
4515201
1986103
9510544
5014838
6723401
3700803
6872267
8700589
0109337
2424299
1082793
2254470
7618597
0003717
9080151
9256460
1984128
6701792
6426534
2480381
6373770
4203832
3530420
4715714
2177462
7209747
7521406
3886441
7048159
9425190
0023494
4985141
7572257
7133511
6253933
4551669
2864042
4722038
1138819
7396250
8292612
3944011
9467612
3913123
3331978
4382060
4705700
6422173
8851300
6025074
7121146
7662071
9710281
9373639
9124608
7879676
9238295
9275398
1051119
8870387
9890430
5566576
9020002
4185001
2811015
7441920
4552765
8000332
2692096
3873634
4645796
7193331
3464073
2417440
0424382
1878913
5841562
5408632
4791914
5569703
8332415
4891798
9924866
8998451
5271314
7821456
2731086
1799909
2639304
8971292
0251414
2575900
6914724
2791020
7403483
2782076
3717299
3302660
2092733
2525150
1290253
0895269
0108232
2896307
8665883
7123772
0038806
9143476
5127284
2572706
7386600
6842213
5042692
4337840
3627421
7746258
5743792
4670011
3735405
0774631
5829420
0576280
9011322
4864281
5872375
7281163
4017676
0241053
7635177
8470634
8089240
6713709
0665746
8621795
0051159
7812263
7939333
8034749
4901893
2622839
6197580
5835641
2013137
5190011
6393839
7304901
7780181
7551938
3273854
3189505
4344643
9426705
8267001
6913175
3487689
1046105
9131535
3020239
2035753
7146262
4075348
0669101
6170474
8442215
5546981
6593434
9147018
5681919
1862964
7240566
6234694
2141388
3857448
1702022
6125891
1758542
8972935
9901421
4455388
8017096
2825385
7387163
5268171
8770037
2850793
6387803
4208690
2345197
2410103
7813997
7819093
3051129
9565201
7625560
9071536
9630403
5072336
0930655
1256033
8176637
0489187
9600782
2007997
1125160
2576974
2371014
7808012
1748281
6379147
9526054
7219124
7891070
0809560
0681963
0719560
3604020
8239816
1396176
6776007
3588911
2890571
7718637
0159689
6289816
8071429
6811293
7228241
1278986
2696942
7726986
1644093
8297447
6751851
4185075
2013303
2607216
2484341
9120696
1274919
9808359
4975202
4884095
5709274
6282463
0617305
4779893
2835935
3580301
1890331
2578903
4656349
6182691
4598053
3504555
0201912
3098651
1940216
7310375
3611477
1714827
6002789
5947221
7751028
3822691
6471153
1354362
5042066
8282559
2392090
1919925
7872152
6419445
2957433
0309406
7119406
4001446
3218813
0828818
7874437
7862752
2393752
3255882
2373780
7314824
0994996
4237885
8176109
1723146
1232674
9553990
9217380
7002477
9639656
1463009
9463467
6010374
4894454
8623309
7011480
8931620
5631321
7381484
7183642
0033336
9528327
8887021
1863158
7239284
6792667
7397298
6893441
4129378
2521999
6272056
3684249
2502555
9067104
1624406
9324500
3040429
1679833
4591773
0655264
7276780
9270678
6700340
5702261
3306541
1303013
6187968
9239661
8671477
1411766
3107134
5784526
3960127
7566009
7850153
5292963
3075304
9374764
7212494
9780212
2030295
6667127
4235647
2631198
4562392
5981785
3819354
4605480
1077058
6507649
2020788
9633086
6800067
1996214
4790977
7520671
2185936
9666938
6187542
7941501
3277133
6425347
7559740
6324061
9980925
0059369
7175417
7900436
0174981
1321658
6428686
5948567
6068465
4964261
8921092
2073025
0867206
2051631
7798112
1558231
1615169
7992934
7504763
0824721
0990232
3038609
4119373
9651777
7979288
1156012
7171424
2299277
3521857
8712825
2716901
1795679
6842623
8586340
7125957
5684504
4401045
3896950
8353777
8810156
7318481
4053303
8820906
2641390
8777821
6524261
8678803
1857655
4277369
4821970
3444217
2161725
3171396
4560728
6891820
6349317
8256098
4707400
5632338
9498357
3418025
6387527
3136757
7830922
5412873
0706106
5285987
7558736
7658506
5336486
9298656
0873912
0365423
9152267
9579890
5958634
0500024
5988531
9680749
0225382
6550614
9538744
3364131
3395233
6169616
7602401
7533654
0032132
5486794
4867621
0942031
7452543
8236072
8740824
1383032
5096367
7127318
4401142
8539396
0619805
0008635
1047102
6731944
5533656
8853456
0180170
8455456
9577353
7109537
2183479
5436031
3881374
6158980
5722923
5989594
8887181
1553523
3538075
8783483
9100264
1921451
9947490
9763346
8066258
2086180
5911821
1444678
8240489
1701036
9871769
4737076
5172229
5684937
8524652
1559974
7758513
5709277
2707475
5952004
5293231
5402046
0066958
0712584
5212758
1908472
9553916
5106254
0506725
2000261
3731949
0689870
9633522
5006686
4910586
4577247
0987630
2830414
6600540
7445619
1279642
3450672
5765286
0578918
9001196
1347930
1033940
1352870
6228453
4579415
6326753
9349322
8824411
8646830
5811415
2282339
3873616
2209683
4319696
9145685
5923117
2899670
7679364
5559024
3916272
0623338
2166812
6235194
0168523
0550026
4760323
8373669
9972127
5782440
3187536
4150089
9616021
8809329
8261757
7148215
4895721
2308457
8923090
6460680
6111405
3559765
5226397
5434691
4315930
9006856
3175981
7432858
5142855
9014580
0022555
4261315
1374315
5607711
6221916
8124344
5978390
7692135
7244913
9801933
6549824
4836122
7010237
0962323
9385925
4278291
4807787
8449870
6118561
6856743
7693350
5211277
8066846
1973183
6068608
2903844
7674894
1633928
9739905
5266200
0609846
7432093
6542325
1055234
4000659
4094396
0026858
4834557
0168989
7728692
8238234
6680044
2946356
5624250
2736526
1774816
5448873
8352517
6868696
5447020
7504679
0045509
2527415
1729072
6147190
7358881
3265722
5462121
8966586
9724352
1640700
3307059
1768855
9036156
5224731
8099347
0790219
6124157
9277426
3526924
4763065
0017577
5944012
3399870
3604658
3844570
9101208
2070310
6942142
5742172
8379756
3644265
1057148
0981105
9333177
9051292
6699212
9742612
4338667
1252909
9448328
9781174
7101367
5025417
2535351
4174639
8816847
2945300
1880872
3837810
4666012
3011368
0580391
6174480
9457560
6174042
6129489
0850542
3475200
0126422
1302774
5098263
0050051
7652772
7797744
8088079
8055224
1775579
4377912
2611543
9316941
6296511
1234922
8299066
8429473
9043259
3710755
0528550
3994705
4072348
1295426
8922164
9267476
2919671
6309362
6562600
0091877
3887242
7446443
5618729
6538416
1157828
3343579
3205164
3450066
9371398
9116247
6421673
0059709
9443391
6031195
9488995
0665340
7430224
7589228
7518948
5703172
6148781
5326669
8375344
7686222
7414079
5146860
0784482
4809230
7051492
9027278
2885511
3970157
2283254
4314518
5634945
7703793
5328226
1909106
4172781
7860035
7820903
8133625
9254488
0504435
8454291
8865113
9147864
8467168
5869589
4717997
4970126
3922360
3623144
4391461
3643496
9715361
9539513
9946386
6427340
1933707
8684793
3090773
7939871
9928009
0629523
0185581
7905757
4748500
1735820
8413558
9414303
5842806
8350641
3699830
8518244
2550547
9836137
3702631
6818028
2099167
5653099
2728833
1671727
0081536
2444988
3445672
4219754
0004174
6387592
9825281
2644833
7292924
0968291
8606401
3882200
0650180
4808980
0093684
4918879
1051528
1770474
6491964
2697960
0576239
0232089
6132541
5221222
5674003
1075227
9846554
6084957
8911216
6190930
4320220
2286584
5774277
8134867
4116681
1836300
2079210
9345157
9470571
8516924
9415038
2739580
6650262
0199926
7487558
1912955
9383295
6157346
2052560
5331951
5800545
6691717
2248933
8186235
9850025
6296446
8595890
9144528
9055252
9753053
9776157
1045609
8340925
3529172
2638631
1832197
9634693
9052308
1916938
8229694
3368551
3146097
6664335
1574407
2603192
8436355
2924145
4190960
8434723
6659245
0937234
3271952
6345128
2558705
9553331
4194385
3387434
6562946
1689896
6259504
5938427
9576260
5869985
7554810
2299222
4785933
8969654
6852954
0833001
5604908
9754759
4798143
7868223
1455589
4942779
4623732
7660716
2036816
9448213
0158240
7332460
4052516
3614738
1503296
2571313
7714778
4295954
8288772
9357433
0037535
7561488
3436667
7730198
7581961
8214781
0430902
4207323
7909583
7887044
6617968
3214745
5749452
1555727
7803474
7985115
1115513
2131186
1712123
2613484
1003384
9577449
2202733
1675913
7734382
0381494
7351890
3145709
9284020
3848844
0038619
5531652
1996994
5633324
6291001
0143419
2664974
0564244
7141738
7335748
6742238
4153641
2685014
7102811
0360488
8915941
4132998
8472943
8172770
9174086
6366912
7938396
5044523
4043811
6705209
5264189
3052343
5363194
6624225
1730566
6980975
6074744
6818465
8742553
6475406
4578136
3243635
3317100
3113012
0642570
2181555
4827701
5457864
9449585
3923464
3929460
6137030
2747033
6368846
1630461
4796152
8936968
2747949
1041256
4258849
5099229
2915843
0506264
0817274
9028206
9153313
6560299
1458276
2037787
9017205
2620674
2525754
9874104
3793640
8925567
8491509
6315137
7414512
6553389
3814800
7446650
3642442
9417280
9460737
8021631
3707082
3691475
1775740
1648062
5729442
9274345
5845328
4989742
7837809
2461907
8336715
9993461
4077481
0684039
3943632
5423572
6479561
7577114
5338030
7037910
3742672
3420893
6691381
9162300
3220092
1574133
4576476
0207889
3384261
5718891
8586504
7913632
5225193
4576720
0232770
9733032
0050530
8233418
7699918
8773987
5363534
3574406
2198877
5531580
3238237
6251818
6336142
3161219
3194612
0293067
0002849
6599255
5187602
0591473
3983115
1401840
9336598
5672247
9597302
9439902
3185491
8243160
2845204
5126140
6220331
6205978
4629883
0573505
0929458
8039046
3734389
8225565
9144213
7137746
6864257
0598051
9819622
3357433
4540564
4529994
3460598
2140559
0102020
1773783
7923380
5478299
0577660
2456153
5764755
3249778
0686355
5519715
8434107
3896191
8999589
6960049
8177242
2698429
1865219
0338441
0206222
6912707
3285525
5720344
3299243
7264715
9209665
4813298
5135423
2871827
8970334
6564534
6245059
9583677
3999229
4954018
9861918
6693330
6238775
0325231
6529305
7278755
0122199
4908475
6844415
9781729
0547288
6923834
0646682
3948466
3150532
1110091
2606943
6091383
3871463
4544858
0295886
7071399
3862785
0998740
0165128
8694866
4735609
7857400
1276673
0921620
5662474
0779343
1422538
4315378
5094595
0997125
8750933
1785489
8430322
3621015
3321797
2749009
5589914
9924169
5762394
8008615
2129029
1967893
0606315
3236028
4736719
2742328
1542099
6016187
3537125
4187962
9636334
5062988
1904285
9406725
7315461
9486227
1314316
1925777
6686034
0065828
2164316
3923728
9414919
3430213
0648948
4063016
2533578
1449417
1616511
1378817
1334235
7233707
1932786
9963932
7583606
6433335
8011664
4099294
9043752
4848629
1967619
4384757
0963779
5863836
3326218
0906290
8413472
4545457
3712765
8062250
3884471
8167126
4743245
0229860
9769388
4867128
4491929
2142092
8037713
2936094
2180301
1083336
1141074
6431873
8354980
4310023
0270348
9121946
0349885
0845337
2949822
1802810
7492229
7450604
4777600
3712532
7732040
9784553
0857175
5968961
1729797
0274109
1991618
4529797
6362957
3040751
9616367
2518806
8134511
0579232
9425530
8672007
2484530
6405987
8655464
0778155
2635986
8247067
1862590
7326535
5159239
0573201
6467304
2040617
4759813
5246964
6474773
0642749
0401762
4154835
9151603
9133518
9124954
5237636
1435073
8223934
9975923
9161607
9536390
7421381
0622729
1925369
8499674
2973002
2976680
2189953
8191603
8160286
4481722
0203825
5251219
8607744
8968183
8294251
3666895
6530554
3180998
9908128
3399975
8212045
1068112
2826433
9043234
8162329
9338618
9424918
6927127
6579817
7299525
7941197
1519400
7770743
3952543
9372155
1047081
3386763
8315520
6167004
2684457
9643877
1527872
4550669
0049666
3021900
4814208
3209918
8291478
3099982
8132021
9516875
8293731
5571986
7162173
8857485
1344652
1686374
0490107
6795650
2891213
3046324
5934962
9551680
1081756
1573256
2435386
2334314
8615427
6439216
7902830
3468412
8185298
0683452
1717314
6643523
1121993
5851777
0042830
0602186
7570260
2807694
3892447
8196227
8238311
1902026
5027331
3837470
8322225
5599750
0055245
9579468
9480488
1774929
8242406
8083909
1701029
0930581
7137471
9310229
1745446
4026600
2423762
1347893
0443431
8577448
3113394
9373818
6752300
6308358
8972449
1436831
9513085
8377957
8632641
9997735
8486689
1174118
0723895
2961190
4487108
1880536
0023912
4576625
5488567
1536376
0841364
3728696
8757184
7515242
8016327
2138348
4393542
0648106
7251676
4506284
0783287
4815490
5958039
7735671
8347337
6611053
4722944
2556754
8271198
3414824
8999389
9184610
9429391
8673804
0801975
7841178
3751375
1668017
1575332
0234200
0340424
7893237
8811566
8420142
4905885
1336420
5254780
9605715
5660813
4219780
1568353
1710137
6794161
4863506
5163455
4021126
4738775
2101863
1488786
2905392
7706921
8035350
6736885
1514188
7304904
4290780
7562198
3800264
9769137
8828288
0565429
6772446
8287341
2023102
4065775
2053724
9089653
8203962
1762981
8815935
2489051
1710686
0494829
6064364
2941173
1522090
7641576
7788794
8096935
2541259
5087643
9087209
6597334
6424997
1982719
3006437
0268879
9753103
2481390
6212602
4115653
9985983
2848100
0009689
9595973
4033101
1099011
5541811
4744122
2519321
5856136
7340752
1354497
3693212
5308450
8984999
1120544
6506314
5577514
2826809
6006654
3868941
0555591
7489221
1304542
6496560
4383753
1015724
0914662
3838856
8256195
9072436
0804346
3529743
8252157
2408881
8875043
6310646
0730742
3120647
0414441
2121322
4843624
7761362
4915046
0270932
8701134
3723307
2352194
9981783
4305980
3297967
5899623
4392817
4649222
1599235
7546765
2085387
7413379
0349844
4550737
7741121
3088107
8906273
5890721
3439202
9332992
6781711
6218069
4706992
8422685
0274388
5113529
7243747
4780288
8308102
1295380
6930139
5981600
4912933
7931263
1475323
5719294
5795688
1486155
8858584
6572946
7356344
0642268
6807075
3167428
3084293
8882008
0506299
4351792
6096340
6483680
6854544
5543627
7824665
9821752
6943517
8833321
6432301
6548294
4140908
5369277
6328716
8969475
8964808
0200113
6008156
0664928
5487751
8986195
9789848
2458125
1804150
5417249
3679147
5333914
7926669
5241525
8714627
3912062
9185572
5154279
2647773
2173790
2363418
9203800
9209866
8056276
4850841
4455912
5213026
7177592
5147044
7688808
6769293
8837711
6623123
7574251
9198626
4781471
6433820
3722691
5112833
8318838
2217084
7181122
2737502
4885069
8964288
6948831
5030750
8999404
6954716
3340699
6773085
3554858
3324573
6838205
6009550
3531387
7223458
6407826
9377482
0727893
7434945
4224643
2236433
7583174
7641896
3605415
0849536
7209297
0693990
0296158
1757573
8889222
6550118
2677852
3713492
5070902
6560432
6180781
0743262
4641496
7499677
6307086
2311377
1963346
3623667
3948918
4422261
5801551
3399789
7777604
2472892
5845322
6258711
5470718
4731406
5744414
5740043
7980721
0306505
8944091
9255183
6982069
3385885
0931755
9977274
9600826
4893265
7849187
0021711
2731201
0067436
4158130
9493908
7375933
7070383
1253939
0442957
6690785
9152852
0837612
2852878
4762469
4623877
2309801
5851406
6361525
9247352
0057082
6981786
4195069
3396451
0539005
1688524
7512105
0913233
2462928
0414819
5222428
4897764
2944016
7452322
3434280
3094270
2644975
3743795
4172750
4241546
8397332
4909854
1850397
5733249
3326588
6225176
2242840
7906134
1947612
4521861
4291987
7101834
0002006
9087617
0996896
5258376
3599339
4649623
6832328
7472328
4260744
3348772
1632344
8606620
7199919
5683785
0790476
6995477
9885907
3797672
3054922
0109589
2455761
3460697
5274335
3551943
9267220
0663789
8455184
5451289
1279596
8909526
3731934
7315483
8103255
0693724
3147242
0535699
2044398
0122511
1194269
4029746
9374022
5711079
4364416
0921323
2824921
9519837
0279033
7371445
2528638
4969219
0041052
9482814
1084210
4136297
2061167
3237970
3656593
9639429
8869324
1985914
7089838
8899747
7847651
4410646
9755232
1117046
0878534
5784536
1766706
9146183
4244449
4094950
6862959
2341285
6998688
6682841
4806722
4180449
9442454
8375660
5722873
8133722
1785935
4162579
7552652
4271450
5888791
0932016
9758609
0527367
3149782
8179309
5072893
6481821
1720468
5399490
3865263
1865447
3314481
3409154
1902775
5090553
4476329
4599390
4937970
3731840
1887740
9506786
1764718
7668933
9593683
8038968
3879813
1830609
2599276
2796519
3137309
7780030
5496050
4788958
4340446
2650066
9883329
0255183
1762227
4278247
7463284
6368772
2596072
4764505
1388069
8909654
7164157
5278231
8887740
1220601
5616641
0809243
2481637
9932313
4973368
6311527
8301743
5749140
5993512
6527879
1235075
4412347
6465378
3100605
4106093
6897366
5584312
3198334
3264106
1591678
1290134
4388890
6359296
7078991
7229493
6597834
1763684
7603077
1231464
4991645
0366963
4570695
5713969
6211074
9661764
5778399
5970998
9284665
6266777
2982330
2206486
4489533
8931123
8846130
6574763
0600188
2265699
5717211
6096281
4630543
9727538
2617394
3231872
0839845
8383749
1965854
4465130
4413885
9621272
1896828
0603085
1263924
2270444
0311606
0027404
6921988
0682917
1660023
6642070
3890232
0311829
6384880
8820973
9407128
7381486
1924445
3490943
8584182
4716294
9244450
6815480
0437732
7339073
6006717
6822268
9935254
8322044
5908918
6513886
5111056
5627691
7593904
4006337
6474708
7535817
2024941
3555680
9910162
0166516
4275724
2462420
2707036
6861808
9825839
0441767
8156431
3494394
5078335
4914589
6954313
9444199
7941604
3811884
9991385
6134710
0096460
4148661
0987196
2136049
6869020
6863121
8738546
8126428
7024217
3818670
1032647
4487994
7740366
3398963
5503317
5806906
0209145
8344289
0131811
5162734
2125735
8257726
9557793
7865908
1967822
1414281
7942215
1727244
0469280
9296946
1959907
8440106
5323771
4418162
9270534
5911903
0115040
0919846
8977148
9622929
9306509
2418100
4608778
2147712
8909493
7058153
5969104
8682383
0830327
0199916
2681421
7436455
4142640
2441064
0163940
1550355
3638980
2292239
5587704
0845857
1746128
6921126
4025413
4521550
7947977
4277782
5587105
7247213
4784858
2035770
4579222
4983928
0901286
2752789
4454260
7051044
1402103
4180233
2193739
9340301
8938406
0230940
6633618
7573182
0735660
8341582
3540611
0970604
7562383
2117817
0442084
1375307
5682736
9742297
0851020
8406424
5502039
5651134
1310096
3708818
2288897
4564978
2217493
5751523
3885696
2997365
8877506
1388738
2878698
6230314
3325460
5709513
9185927
9928285
0006072
5733441
1616280
7011921
3200221
4754641
4944732
2302541
3357169
3363964
4176291
6033452
9603250
8377281
0156751
1408514
5402987
6612577
5469958
7703708
5035942
0122655
9473669
2619247
5978858
2002549
3597913
2921926
2325236
0788053
3908235
5592666
6016370
5319575
5866172
3408684
1376736
4761282
6767206
3918554
2960130
8008778
1281962
6174214
5547623
5362899
7116444
7665855
4566249
5620922
1497088
1190283
9692687
7886032
8802978
8677440
5589880
1561234
3386672
7113128
0792642
9560471
2667633
3658523
8348653
1055828
0380362
4919081
6858278
7752442
3944503
3219330
3838982
1932330
0039854
5766231
9142886
2124547
2597415
7002808
5288103
7255005
0612375
0317129
2737405
1333416
0872521
9753872
2653827
6288089
8919854
4018336
8586855
1988670
1437057
8708524
5468593
0189982
6441521
2436366
7545516
9890076
0421663
9543275
9461780
7127759
0823638
7732102
3181138
1869403
6735759
8781969
4064878
2169265
5715709
1963410
6241023
1326201
8735016
2677014
5405584
5516444
1920380
3420859
8810146
2219820
0817425
0554580
9177338
3679101
0463526
9026353
4155411
7475819
3359299
6418448
1998489
2150285
6891712
7212493
8940321
6460401
2528403
7598909
0024103
4153054
3934491
8521232
7734777
1039542
8747292
7293180
0782149
9117752
1385739
1226132
2139785
5397004
4401329
2218312
6088268
9618482
3536327
4642012
6436611
8916503
7734471
3927028
2034634
5949043
0716594
2532789
4481599
1669070
6083048
5562779
4539787
4833966
9709318
0135725
1980245
9276887
2536805
5039531
9912944
0288319
0757706
4791153
3408118
2197389
7577695
2667189
8130752
3410691
3106056
5768582
5238092
7788762
0395052
5103128
9662103
5841316
5590772
4208722
2656646
4751730
3122333
3616952
5121361
9163181
1628795
9413845
0649377
5299407
2072916
5622144
9181911
5092914
5308811
3926889
4410264
6475323
3010196
8552495
4207861
7722167
0263345
8705211
1341833
1469691
5933740
7564044
1139548
4795056
9461583
3213155
5524919
2668082
0824818
9320551
2427300
9773267
6526477
3633821
1705291
3808160
1627252
8491064
7069932
5727364
5960156
6369160
6975533
9627582
5504079
2240313
4423772
1710611
9530469
1151792
7883975
8833194
5151648
1488808
8487680
6835149
1172180
9956297
2134971
2652277
2244855
9132614
1199397
1259425
8141574
0383500
5853188
9469544
1864216
0318892
8777876
9478213
2500963
0106090
7467216
8931861
8206417
8541861
0446370
5675623
4010292
9394455
3780475
2548955
5153264
5394797
7977040
7033139
7037096
7747216
4990937
7506455
6702046
4382892
4531913
3370052
6812768
9919143
0126666
0764355
7402509
7065080
4539630
8092461
9645047
8805472
8874149
6673686
7614988
5883071
0426576
6277504
6652636
2246672
8525742
3920254
1197888
5310225
6843941
3375980
8516037
5389448
1659616
7127381
0715359
9412217
3674999
2696703
9604976
1367381
5006772
0272328
3040901
9903627
6148687
1405758
8634459
3442308
8009403
0351857
6812436
5010485
2784416
4795035
8376468
1573820
1528010
7463858
7083653
7261374
3984639
1933917
5503310
6874604
2329029
3247485
0364310
6260164
0684986
6037365
5878961
8307701
0645862
4769987
6726445
9561739
9282876
9598236
9109449
5834954
8024919
4034345
5018287
0558886
1686451
5170001
1863429
7187246
1903546
4264307
3163813
8978391
2334153
1664090
9041804
9854612
0662677
4702813
9752414
0914253
8852990
5727483
5198394
2302786
5103370
1926222
7926495
6978554
8152083
7840984
1378963
2248697
2721504
6227818
7106404
4076266
9110954
0921947
3849459
3664522
9331052
7554617
2177459
7892591
6768731
4840165
2637378
0746003
1604808
0401840
3613232
2754450
2919275
6616496
2639347
2203629
9214005
7372322
2670969
2572241
4689252
0285578
4559234
3637995
5803876
2391088
5643396
0967717
3393082
9384082
6147223
9544223
3259696
7463023
1509523
4695959
7115977
4287258
7753497
1484831
2440352
5464426
2606638
6533855
3441941
0574669
5412239
5160670
4599065
2729136
2277003
1845834
8896455
6010413
1537712
4520600
3560213
7880262
0900113
3755035
5452959
1022321
9058691
5765225
3808204
5293879
6610725
9482078
6172181
6837549
0773655
2150837
6705581
8697923
2890391
5105045
5902030
3888366
2640943
7460047
1507862
2772376
9619513
2303600
8453463
1521459
4068596
0387616
3608907
2481721
6440604
2422692
6999840
2488192
1551672
2460539
2663772
1495044
1462211
7126791
7180457
4980989
9932199
4168367
6142849
6177378
9286469
6284551
9197671
6140527
9527669
3226431
3505159
6368869
0013828
5238524
5604113
0883548
1805503
0888085
6222366
5688506
1140375
9328930
7440604
6846324
7354125
5908327
8373847
9136971
2726817
3652047
2341306
0344216
1492820
1989641
5726653
9508372
6971268
7912771
1423834
7036285
3631937
2312924
5554420
7313304
8022044
2551008
1709852
5305565
5522522
2977188
1469028
2531826
3988846
0076979
4297156
5099837
4247463
9679579
7689054
4697005
0928203
0256043
0238389
3268972
8962488
5705951
9595910
6366848
0563747
4022822
3051932
7566976
0930863
0626430
3283316
8127049
1403725
4975585
0889870
7018494
4104786
9819471
8618139
4114965
5739580
0527213
6538059
9397743
4026107
7995940
1054436
5514513
5224698
8577735
6150150
5073014
1163781
3296923
1766007
6831552
5868105
6088771
7534916
6076638
7955572
0527535
7923921
4307363
5538980
6485301
3991121
2449061
2088015
0709758
7520667
6148720
9281572
3171139
7217466
8772394
4430001
5747689
0323246
9116784
0878106
5906798
2775041
9300883
6698999
6898309
0306226
1010034
4960780
3226081
5827185
9095076
5989710
3096740
1003074
3952485
8533978
9830197
3375818
4220499
8122523
8104196
2688858
0743705
4081044
6912034
8690602
1677106
0020887
7957975
0755222
5296655
8264279
4454950
2329737
0336612
3910448
0638422
8273082
0914286
8400926
8001472
0066876
6863355
1545456
1469587
5464415
0274877
2762118
5820807
7031352
1497638
5713227
8214713
4723013
2145009
5378128
6496934
3584016
6971685
1683462
6530161
2099381
0505854
1151529
7903505
3590376
5271479
1339921
7056384
7261892
3438953
1686243
7353948
1385238
1669690
2622647
8866334
5740125
9405422
1447166
7382235
5425814
6698831
2171745
2755337
6879114
5290578
2623483
6573816
3376890
2434668
3059566
1212736
6198036
6567850
5908352
1609704
3011095
0955724
9979185
3679872
9578911
6346603
5772833
2873578
8837917
0009948
6397199
5169968
2705068
9555098
2141654
5376058
1561314
1555050
0798926
5646696
1721841
5722773
2597898
6711872
2162304
8277445
5460896
1409748
3682308
9275476
4598562
8513326
6549388
5602492
7608207
7817651
0832739
8346951
3791513
2857659
0436182
9301567
5944019
0646472
3375960
1572953
2786558
7321666
7325424
2013367
3597693
6139456
0189596
1262211
3724152
1977360
4731136
0992377
5744906
8780601
1189883
3642597
7643994
6482138
5747875
8600951
7883232
8792561
0795850
7312528
7204053
8348403
9941202
7217303
2027669
9285044
3182932
5343503
4740078
6928117
5376679
6743017
9283810
0010746
5396154
4957398
1608264
5168152
2527438
4709824
2849948
2105735
2732064
1375005
0137401
6851055
5090114
8115885
8414923
0206547
2005665
9242587
6342289
5189087
3309618
8889781
8506521
3236900
2944589
1291219
9205554
4288358
8593732
1273743
7970624
9716255
3137563
1368712
8786297
1598668
0116465
3676203
1550661
1724273
0461210
0765659
4590091
4075016
7544354
2830681
4438691
3179898
8636856
5198955
0096889
2732166
4857190
4931095
9199684
7950902
7026021
1883431
6130252
4909419
4064183
0448346
7001469
7313000
9825660
8080370
2055344
2192810
9140734
8640876
5675257
7259063
3607942
4588131
5433715
6549237
3181290
3406190
8857768
3748195
8826887
7757840
7510017
3559074
7011012
2893213
7668647
3528050
0714759
8538186
6644711
6312677
1135879
2591993
9917317
2390618
7181720
8266342
5558373
6353069
5573888
1671915
8290970
7164264
5630602
7560451
3554461
0806121
5581292
2767873
8218910
1307753
6254854
7612500
1500564
6058319
1606666
6469738
9350903
0092008
4651394
9300123
4951455
4064908
4548521
6161229
6108779
2274240
0035427
4552590
4902160
8791267
1801470
3868768
5460431
3048884
1302630
6299391
1545909
3844700
4619849
9904925
3481362
7216877
1586925
9248970
1440909
0780841
2685728
8292142
4116290
9535063
8606722
6643829
1929488
6029672
9393823
0164125
9461609
6714061
1477530
6722725
5874837
2889999
4750201
6686890
5985654
2526774
1494882
4053343
3765751
7381760
7920784
6470677
0737394
0379925
7047362
1532399
1505271
4139576
6523188
5663399
4020030
8278853
0222617
4187633
9297622
9941781
5132588
7355221
9859389
8028601
4843867
1940602
9794965
6592051
1425076
0579911
2980471
5049554
1044258
6769412
4751418
5520018
6459064
2880367
1811478
5312129
9040966
1401802
3539963
4471570
6361480
5892416
3052042
9331423
9472926
0413949
7533878
1406397
6645672
2904957
6984759
7863089
7016409
8563376
9022734
8346248
6798608
5065760
0141872
9386496
0129105
6568409
3155420
7126115
0140932
8877926
2702631
3668748
0363463
9010838
1564036
6438688
2629652
0238693
4591642
1074969
3884738
5584528
0071700
4828446
6093173
5965031
6212630
4806996
2296138
0275782
9598888
9892721
1987674
5151508
2540209
5640008
9379289
1528803
2477835
0053223
1782891
9065377
7085860
3502499
3784235
5860819
0541873
2738864
3018963
2367891
8253203
4753038
0285145
6327980
8435433
7961046
6833577
4302243
1345134
2909430
0397858
4085233
0091545
9336409
5146928
3528129
7756829
7441670
3803411
8552716
6555364
6514611
8691178
0017218
8401749
1985274
1293608
5916367
0134586
7249858
9025391
6047987
2500533
1370119
4237388
3848423
6357196
3404656
2767027
6702970
3088665
9973200
3680405
2932599
5851226
0690584
7510741
8146808
8810268
9070533
3978097
2413587
0171436
1654476
7237180
1424796
3218070
2062767
1379438
1223514
1060398
6867719
4946646
1810352
3613683
8702806
9995956
2413931
1818636
0083672
1202150
5643212
9350156
6732090
8754574
3726135
9202249
3877616
2744060
9679598
5295451
8040198
8494745
2137055
2658415
3802692
4850989
1069970
0613399
7396596
7612049
4883337
2116404
8182715
0271574
7429196
2290161
4005130
2088050
3588628
2245234
2667713
0667278
9840352
4879531
6273193
8460533
7078004
9165858
0254787
3037761
9257621
9761788
4628267
1591820
9731262
6715252
1936165
4090602
7117209
5536197
0112503
5349681
1373288
6491199
1854732
4462547
5893652
3175253
4009422
1848268
8582195
9498754
8825166
0191877
1353722
5265200
4134361
9560173
2155730
8505997
7624896
7510733
5509302
1374706
1588719
2641241
1806965
9783236
0751422
9504903
4728987
7488498
9598635
6438074
4224028
4040031
5367867
2660193
8817485
3418851
2454750
9866292
3469004
2190791
0939416
2070025
0406593
5501462
9869790
4421047
3089461
8766527
4800970
4258536
2353825
0463970
4769834
0035534
7345364
7821024
9965290
5500626
9296529
0331622
4008850
7483630
5608330
5684636
8914040
0558417
7815628
5999600
2090350
6207149
1452937
2724372
1753675
8066500
6304977
1100190
7886328
1452825
6380198
8091867
6854807
7647863
5421827
7939326
1886770
4413761
1716790
8815878
3095332
3516388
5514938
5899725
9055113
3607156
3543391
4116416
6115212
8303129
2531169
7349378
9408256
1195150
5680063
6680549
5769441
4851737
4632814
1031171
6136830
9763901
4420879
2938125
3499984
7807312
7167586
1317778
6162830
8299490
6833284
2922532
9815285
9313074
5375414
9209843
3914579
8556857
1495318
7366116
2977675
8696980
5036279
0474396
9360426
4689225
5743948
2977083
7796880
7087225
8013681
9387812
6181769
3505628
9586512
3519758
9488314
1814798
1447191
3222156
7946346
1455984
4486205
3705209
6699041
0189239
3999738
4766339
6500597
2303139
8037932
6822148
4939829
5047988
9591226
2267739
9429404
8027601
8066432
1780707
2133669
5508169
5716662
3876343
9902382
4901915
8780682
9527170
6657876
7883420
6984915
7071520
8658740
7138476
3748256
8030390
4041109
8556770
5538808
0981525
6059990
0648856
6899197
9518662
3419904
4567023
0153595
6732015
8537620
7846644
4591109
4618704
8768768
7313100
5514528
6053130
5863578
5672081
7605479
9968859
4559314
7642315
4682284
3031087
9306241
6298020
8267287
0336019
8202370
0625715
0526618
6065476
5932060
4812675
3797601
2678782
2231543
3318500
4446584
4303537
1380819
5385910
2715053
0052865
9115539
0660207
4045854
1356044
6450683
7927339
0981428
4914439
4714609
9426316
6877553
5303052
3309719
4120617
5985529
6784313
7718255
9051812
7454203
1377996
4514167
3986477
9558667
3395632
3948905
6087047
9094111
5696117
9415673
0231673
5739990
9523140
9631766
4789440
0855901
9531365
3870959
9340702
3359426
4259804
9492184
4320418
9733413
8670773
5422727
5846322
1390130
5284887
1956121
8020886
9187142
8898315
0589552
5420874
0176585
3327696
7786214
6165514
5374364
5291136
9027749
2949380
7551374
4351436
0137978
8940220
1097314
0999382
9240098
6607165
3716710
1931956
6962087
3900244
4583151
3040211
0695631
2554392
4994388
6683344
5432986
0319205
9867988
8175349
3724359
2747925
8013021
2029925
1080209
7377370
4405981
7844996
2554339
2213112
8145362
0227096
4155708
7947146
4346798
9945333
8428177
6746179
4973253
5057930
2823013
4459281
5209174
2739006
7829077
0179283
5723455
6370990
8074611
3881691
4374437
7476683
0337975
8174401
8748616
9948476
4941352
7751151
8961142
7752683
3498796
5881808
6231924
0927334
1480644
9766936
0462210
8659944
5740167
6422655
3109260
0425936
9710122
4442794
0161555
4681945
8331142
8703653
9531822
7880266
8477231
0303128
1698907
8576800
0438640
0337375
3144228
3082651
8081118
8688384
7778655
9284815
3414805
5062145
9884445
4942194
8046691
5621963
0123747
6443239
0400355
9323320
6803616
2594781
0039760
9015252
3457243
2102329
2172978
0874884
9943089
6257355
8429150
8206762
4412349
1463668
9306160
1464457
7355013
0613199
9486791
9709396
0764056
4392261
1193931
0374215
2616660
2831675
6798566
0379472
5490486
5365307
4625232
4507731
6440059
5943801
2553977
0583689
9494897
8353122
0342343
3433731
9951897
4361390
9153610
3442613
7791856
5353610
0361469
8187405
5435796
9331291
6978729
1755908
1983487
9995992
9317803
6393556
5262131
9544518
4012103
5373449
7106803
6083747
5586461
2652836
4323046
0143490
9476794
4940732
6740882
9003482
1161556
5559256
1606403
6340515
0986410
1176190
6356569
3462328
0377036
8122247
4307157
6906697
6149809
0816113
5681727
8798316
1151873
6561193
1153515
3427531
5597153
2595674
1074339
3559049
4045290
8265105
9134477
5960737
9970471
5639872
6529995
6876954
5868556
0060314
1088744
1050264
7226859
1769971
1461755
3098780
7121212
4545567
3526932
3955349
2147320
6882222
0704201
0224542
8968804
9667735
9704921
3113516
8247466
3044383
6652191
0065339
8613486
6525362
7936179
0932421
9486917
5398008
7725801
3869801
2798283
1014098
5991430
5022549
2252783
4119644
5164778
6132460
5661632
0383021
4969108
0072449
5245252
9803954
9845568
4804379
2658635
1006917
1326718
1516778
4566747
5748599
8454616
3413843
7190456
7448815
5496343
5579929
7768296
5017848
4403612
4957336
8700317
4752683
4210770
2896950
8376340
2891149
6390600
4622738
1543141
8278632
9271513
6819747
8444306
0797790
9282781
0448180
0049609
4468556
3385798
5110249
2142487
4772944
7549474
0674486
5547732
5186724
7207225
8566391
6664863
4617404
6532696
4367670
8921366
2956152
2951072
5390853
8721349
7905156
4826126
2579269
0179234
5561600
5919683
6055160
1320749
6093909
5261552
5150122
6709226
1615523
8604125
1497676
4768437
6331868
1143570
2550382
3527718
2574303
6691352
8514811
3375121
8935379
3879774
4859936
7219174
4429290
4339561
8219215
2627135
4604159
5272372
7236013
1747425
3329825
0753965
7703218
0775424
7330293
6564601
1016459
5658283
8710992
0767259
7233685
8082330
4414795
3229536
8673731
5417251
5045599
6454376
4541613
1639177
3158718
9100992
5535820
1132234
2209062
7622232
6535255
8694725
8328009
5823823
5457296
8273779
6876010
4657985
3825770
3676768
1525097
8127265
1059459
3860530
3751961
1908999
6345705
7268191
4820152
3497898
1065242
4331919
1623739
9692199
5391831
6163500
2626624
6264222
2331100
5499298
0130784
3022184
2872070
0391571
4259079
0170012
8328305
2022144
4475405
9855603
3725366
7376809
6429538
5005603
4896392
8759468
2245939
4078719
1398297
9557265
7359165
2140814
3956815
4154343
8687221
9329307
5087660
1417461
0689732
5936431
0275440
4722853
7029149
6489873
1734642
4888999
0222410
0433370
6343866
8050267
7558690
9163789
6953607
8503209
7320201
9937420
1528197
8357639
0469336
7897408
5793821
2053822
4858994
6753056
6312414
8568385
4137287
7696430
9962083
6996705
4808617
1608581
8505916
5386986
6590651
0565352
3780413
3710308
8923143
5118479
5301346
2305196
5594802
7925613
7416713
7694452
5840141
9290160
6074248
1464661
7164802
8990094
9858374
0614793
5429930
3686777
1036628
9576759
3080617
2284474
1718939
9465959
6473438
7545980
9730307
3267459
1109078
9004949
5790211
4529474
2894491
0918075
4886371
9140413
8139288
6001349
6994305
3652718
2378926
0382416
6942007
7892995
1590903
0864640
9675479
1184713
7275825
1234827
4390717
5841819
3313659
9493812
2707505
8124317
2183210
2209354
5918793
2186009
0790178
3388246
0933646
5712259
4932649
8235070
7341289
3902644
1226150
8850380
0736871
1879495
9346885
1433729
3797904
5262136
9318731
8800056
6814778
4113911
8647786
3737633
3381224
0228697
7211388
4156046
3176730
0708610
3421693
6950842
1210943
5702454
8050292
6622974
7143566
2544727
1555109
3474178
1152251
4878614
0571836
6182448
8634272
7102648
7119420
8958291
1749079
8769392
9671622
0054141
0601809
9335978
5805235
1616349
6540450
6709070
1964017
9815355
8509701
9860652
3213335
7342663
8883065
8045286
0870278
3105848
1966029
2598102
3723832
8402102
0467809
6979869
1064680
0650165
0048758
2221376
3561854
6144918
7259780
0981908
3011903
7622620
6309834
1208066
8902392
9740651
0923209
4323310
2987216
9410603
7112375
9514455
9586379
4056070
6209104
0859549
2559539
8873860
7667656
0296865
0588341
3054248
0068228
5817949
2953707
4445874
4398176
3238111
6823259
4515903
5471458
8082066
3647866
0560529
5734506
4766084
1177807
3348374
9339902
3002379
0097386
6032694
3956126
7974686
2176309
9128723
8880558
8403427
0300215
2115968
5210969
6286640
1800380
3849210
9138232
7249415
0633122
0801568
7330107
6018610
3962894
8130591
0219294
5506037
4571449
5619687
4005916
2181914
5805995
7636120
6855765
5352869
3725130
7314476
2309933
9345702
8689922
2054934
1735398
3795313
1015893
4147819
3288328
3479348
6143307
2944659
5275036
1222067
6085521
1197677
3815683
6972454
2543278
4304779
7955480
5719576
5702277
0488162
2693587
4865495
7176899
6103424
6055304
9660264
7143742
9356641
9397217
4060103
4650518
5405835
3026027
3916036
7970998
0873775
9641663
5892716
4443162
7920820
0850870
3763704
1730519
1734024
9367383
0272732
4252577
6822891
1263047
8382196
3829837
3260370
5006461
9323609
4525900
6517463
3473588
4996972
1965500
3958126
4554310
8426363
1563209
4051764
3789216
2928666
1045992
7761853
2344739
5289756
4713077
4747459
1290738
0633914
7317406
5208263
7385314
1442908
0251081
4768719
9823877
7326362
6915287
2119818
8181735
5123813
0690365
0001090
0237555
8590451
7480361
2985729
9955864
3059986
0772704
7754697
0464814
9782812
8508989
9553553
7177232
3418369
0206928
8788326
3075067
0159902
6538192
8192932
2493306
2473670
9144369
6217118
4936134
4909187
8236650
8928241
4970617
2740012
2814153
2823877
8989593
7782970
2071287
5408649
5123100
4537579
5503465
2886271
7451788
3276752
4881257
7790460
7259622
9587963
5588684
6224755
9182085
2105439
5782263
2429030
8135120
1205600
3665799
9978796
9141909
4370257
0933661
3756983
5957203
7848047
8413022
9980850
3822759
2663514
5984487
8117271
5252303
0678878
5994327
9281904
3998209
1439942
1912884
6965915
7211900
4131293
9049262
2736168
5100226
0380661
4904836
1732861
0456096
1641811
3844632
8188735
7325886
8164841
8768780
3042932
5562281
3483841
0685139
0992445
8738561
1043992
7247251
2153047
1986532
3389296
6714675
4322134
0579315
4145846
0671788
8831285
6448245
2481910
5857711
9287227
4263787
2381877
9766686
5808059
4509153
8890464
7455446
1047283
2986591
9438730
4987304
0282597
1676397
1414435
3253789
5117287
5705077
1738820
6795891
0348855
1494907
7684191
5074464
0945482
7926346
3064045
3634140
3443560
9510937
3291214
8696933
8654840
5751799
6937353
0828764
5724749
6631460
4611829
3516439
4506748
3792840
1476183
6758814
9629017
3726275
3537822
5408713
5484111
5860471
4987248
7567989
1888300
7415936
7105338
5405024
7746090
7174293
0921720
7772899
0096629
1327733
1650026
2046604
5503605
0297679
9877528
5775352
3371866
4520983
1299863
3125961
9167263
3857496
5231721
1443063
8653654
6078756
1073942
3496435
3816682
5511836
0752039
2759156
0220943
5813223
1559611
6474903
3919105
0376343
6290862
4934665
5251135
6759936
4374545
4732309
7908578
3445766
4061704
8868373
4361670
5349159
7920819
7018417
5432806
3320785
5695865
8877055
6613358
6347707
4551034
6664759
2933991
5275976
8551729
0374086
2269624
0607166
1722367
0135808
0587918
3691520
3070936
9101080
6504940
6609688
9401412
9039105
0427868
4482579
9109840
8677149
1375230
2435319
3080313
3043418
7054098
3267908
0897182
3143604
6337166
4026647
9454789
5295135
1136275
3743343
4934478
4700100
8116625
3403748
2310286
8546139
9024097
3526666
3883583
5752856
0771201
7943933
7747626
5736457
3812985
5471029
5514900
4523174
2394405
9100769
6997685
5921705
3243874
3566656
8601433
6009954
8351898
0462137
8566952
3154516
9633238
0961455
7776058
1492648
8907644
0209080
7455468
2644252
6256176
7192494
9469187
7205906
2234937
9487400
2563042
0845506
0427632
9957650
8325128
3599890
9463240
3909055
0361582
0147529
5810579
2526326
8930436
1955182
8410346
8775335
3939820
4142151
6784832
9696449
0480247
7589887
7384175
6036986
3819665
0231382
2512820
4787549
4422809
2546830
2400178
7554218
4508785
8633311
9621761
7513947
9084508
7692047
1442055
4958482
9543938
0249859
0904183
1048640
8481618
8289915
2033531
2856957
5356207
1018252
0262479
2656709
7446976
5040289
3596260
1134092
4053515
6634459
8732361
6562207
5848778
7877471
2087456
9508007
1881486
2958878
7926443
1069470
7922828
2221341
3181623
8230813
1011853
2316203
7709149
9998765
0365187
6433593
6257396
8078865
9317584
2306517
2568890
8646406
3358418
0643441
1108729
4289989
0050313
2885404
0661469
7772888
5831717
2451207
1465599
5183211
3420329
2310471
4548017
8947004
6210720
4346021
6519618
5339783
3827993
8549329
9984911
9322081
5867497
0750251
7425703
6565538
2183947
4844651
5606559
1657155
6596281
6597479
4067210
1426579
5025537
3432973
3033894
1030260
5599203
0078642
7934858
5940351
9674544
9414906
2853803
3981619
2912975
5093150
9133366
9758993
0620625
6498399
8041896
8698297
1928202
0468051
9838150
1540548
8807933
3494047
1468553
9273922
5806954
1616994
7052073
9425813
8000900
4139629
0961286
6450690
8123857
0968727
9635193
1129914
1035717
6433906
5822896
3595183
5631998
7461775
5565747
2476406
8281338
8077517
4285146
1609917
9438751
2506624
4264374
2129447
2701161
7285864
0843497
8334541
1493502
4195434
3372074
6007874
1269994
3206336
6702532
2700834
7712272
1138591
0592198
9188245
2961359
7447732
3030869
3276305
0942466
1633227
0843606
2751993
0761905
2748324
9696905
5825530
1020504
9602464
6944989
5840953
0653145
9803342
8766090
9424390
9036324
5734287
0234489
7045830
3918387
0946747
9665470
9843522
3080134
2214062
7640431
0263584
4076541
1436986
9303662
5064044
7958463
6446587
4201019
6529879
6556052
4175742
1557006
1330026
4648105
0392583
0853320
1636076
2880890
9367219
0732001
6946660
4715368
0854823
2564277
3752243
3630109
3954775
0903230
3896762
0234611
1350760
3543150
5336204
9022925
8750723
5630051
8079455
3402447
4563294
1667096
2006125
4370382
3383699
9757096
1925526
2673401
1539984
1077718
0824843
4713402
5656322
8242245
3918656
6738223
3203667
1266965
1232101
3929654
2027594
0250812
6001150
4313490
9792205
2693953
8085606
1417946
7427273
5514540
4593411
1579283
2233329
8139100
8552627
1088991
7382608
9193004
6125619
9805268
2664994
3836128
7597771
5144896
4631610
5047744
0995499
2555624
8060802
1363596
9497030
4041760
8700425
4113440
6200023
2057129
3128438
7350008
3939515
0145974
1605034
8006674
7732318
6894011
4546144
1937130
8160708
8492236
0573782
2323756
6044543
4721669
1979942
3760937
9160859
5379838
8534685
6660693
6199094
4082827
0061965
7667759
8924078
2754332
6867796
4421409
2322744
4330833
0550565
4436472
9603619
2412160
5455000
2025617
5681388
