7247203
9678004
8603839
4083401
6380182
8367277
0633127
5777424
8764191
6132906
3985640
5734728
9469566
8785198
0450688
9386247
1164077
7430696
7139119
3424913
1746954
5714002
5027248
8036554
8377489
4391833
2350574
9904411
5367807
2259036
0451111
0681196
8512900
3501610
4978204
2204531
7873840
4351340
8037515
8170713
8301814
9390858
6323745
7765489
6407531
0780372
1785407
4309364
4940884
8064150
8935799
3334457
4871338
4172238
3541336
1177322
2305370
5384394
2676669
1366321
2936991
0960515
8718769
6438466
2227660
3856885
9812229
2376488
9430437
4092013
2199910
8821791
4045632
5589275
7047685
5398478
9405840
2890192
1548333
0493629
6518798
9066003
8228686
9092467
4161247
4745855
5672850
7432576
4589037
7062037
8132613
1774553
7393669
4371244
2801658
8602521
6860525
3458831
3304222
6170455
5396869
7974404
8806878
5892877
0529179
2244516
4275885
6232249
0877991
3799772
3995441
8059035
3677530
1919198
3144148
3247311
3571531
3760383
8618342
1884476
3524311
3055569
4402397
4591110
8419985
8467264
4525206
1561319
8741466
7839579
5823111
4215111
3876560
1156072
7503629
7856458
4903418
3516616
8186566
8844328
4516808
2192638
4671594
9047912
7539767
6993525
6346126
4316595
5161901
3385938
0621900
0253766
3909210
2633285
9322842
2344325
8821733
4742119
5989416
1216133
6173745
2378390
0730842
0275525
3547919
6998343
0063839
3575771
9835375
9807524
3905961
3896407
1004373
7867501
0079969
9002383
7995636
2069624
4564510
6520193
8507040
4473723
5763036
5246871
7774032
8650766
4204662
1348091
4270735
7606772
9777660
2308479
4126481
6219233
5020485
1597776
2461465
6995474
1990156
0939124
8955948
8471722
7541282
0855180
9752683
5835523
7543835
8653708
1298439
4070762
0084078
9609784
8721529
8105415
9462156
3636753
3693561
4553350
7392499
3512022
1504773
3334073
6254651
6492946
9824610
5303778
6460122
2945110
5525929
4761392
7362365
3758708
1214359
9761536
0636231
3058848
7343043
5398321
2282857
2457757
0297126
6622839
9247188
5461362
1660141
2500801
7315641
7242585
7316506
8510053
2048536
3950487
6257833
8707715
8636833
1493413
7186072
2449895
3364141
4756734
4749162
1603680
5517705
2943450
5391469
0629532
4382397
0033893
2221819
9858169
2120158
5709869
6386081
7228841
7307555
1847175
4739948
5578427
2204331
6460222
7512268
9361149
3160578
4051676
0221188
8631983
4209287
3808004
0993389
4179910
0029387
2524119
2681337
4796427
3817640
6108962
6181168
4237951
2297246
0530042
5484280
5728613
9206848
5383635
3615489
9696051
3034799
7182344
0682655
2230799
9241916
5169085
5209312
1529692
1626567
1024308
0763101
3231807
9304968
8335951
3463040
9955213
5657864
4471902
6311005
0560278
9932588
9535489
3668487
5702277
2638645
0967409
9046242
4097993
2332546
6629893
9529359
3089916
2642936
9932681
0610497
6071994
0681964
9626567
6222259
5775024
9318136
4453076
3353621
0934814
1326060
7652845
0403783
6898046
9643380
5780465
4622206
6131853
1279855
2451133
9575612
5117911
8764071
0072534
2891934
8378599
6907409
0323831
0550107
5988308
6759261
7030151
8323485
4299126
0916825
0412928
8535515
5952472
8717895
2344695
5180035
5477044
5172822
1601752
1190767
9844814
4669580
9505015
9283858
8701967
3121159
8138387
4130033
0201631
9095310
9836710
7419315
5649898
4056831
9015033
2046272
8620595
8366414
7298366
0044261
5792740
8983723
2658129
5234158
4521605
6651852
5978366
1457042
7447670
5896279
1909245
2900281
1820713
8220978
2146239
1802860
4318466
5284916
3646357
4480420
7088469
1250201
6606718
2703472
3386622
9709889
2134117
6898374
2611449
6109415
7347737
9962926
3716270
6802415
3404003
6550059
7263031
7656197
3627002
5195322
8001909
6685015
1473705
1993393
9645963
6884718
4596640
5556715
9752816
3443881
4931769
5917872
4233487
2963545
3378668
3902313
6693217
9183193
7048481
4438086
3889333
3886686
4313778
9248366
0372020
0336786
8166913
0256066
9583896
5632320
5147395
1943376
3004186
7054991
3129976
2554799
0328104
4792082
6772586
2694119
1383845
7862669
3484019
8230647
1261632
6542900
5496757
5062772
7331574
4187141
6617886
1665043
0848321
9732699
3108936
2123594
3125283
4974602
8384170
0776246
1876494
4521235
1527752
6002625
7084582
5219813
4599501
0598380
9410052
8992026
6007484
4451930
8065915
3664450
2299817
6114266
0400429
7580033
4086059
7652541
1313178
3901798
9078907
8969107
5120582
2365851
6461569
8719458
6817358
9002887
9040134
7429891
8913932
6831763
4825977
7395399
2581140
9473712
4321489
9033854
2892046
3022544
6226192
7309047
6094685
5218169
2887582
6394670
4112375
9380852
5296308
5067059
6604128
3006668
8475254
5341239
3548069
8134910
3577947
5859757
5570207
4515580
1113089
2753324
3529920
7298157
9528636
1077275
6871287
3305234
8879810
3114184
1955117
6837457
2452216
0638144
6314980
7484712
4523052
9324319
0683959
6781089
3064948
4409759
2880852
0871952
4328795
3226545
1988891
2258626
2323285
6787966
5371667
9756261
0621507
4349355
3357375
4874608
0895696
4107472
8288164
9958698
8145816
2380937
5278952
4828119
7411106
7734982
5703738
7524404
5667216
9465884
7264041
7697659
2987512
3859267
6895874
9600884
2618267
2110101
4622852
2601219
3250716
6852161
6333503
5453673
8172231
0886686
3979019
4372534
3440418
9428360
6393359
7917679
5467434
7147116
6125851
2803641
4651839
8105568
1924865
0042852
3931085
3952755
4469151
4826913
9067400
4196257
2471057
8122405
1101083
3748584
2027557
9848047
8189776
2025056
3671845
2832880
9630787
0230452
6398372
8936539
3955999
3313469
6412191
5541955
2644490
9118683
2042857
5562869
6773911
4647434
8097219
2719124
4487244
1684271
8450886
2349596
9778805
0732532
1559269
9474544
4203345
2498620
4887661
6490297
3468976
5313222
5648885
0130401
4563039
3789508
0627286
2632732
5418436
7263376
2325994
4323605
5531998
2725657
9955820
4862912
6176078
0479071
0225033
8300848
3382718
9269441
8814645
5068724
6781683
9807041
8990945
8656014
9283261
6700607
9897479
6899249
9412501
9030326
7289915
7561957
6899930
4850975
2764322
3020224
2974341
5918508
7232426
3464251
4014495
6198304
2510973
1647929
8289836
5117616
4820838
2501125
3389026
8947254
2449601
2912683
1210058
7072485
1167873
7121334
6552542
7204033
3529393
0815393
6639722
2533563
1220769
1614396
6490445
4613773
3175648
4767456
4312246
2488826
2520850
5620536
3114174
4214132
1313435
8124127
8793250
4102221
7213857
9894471
3751196
5176765
4482548
4476464
2978105
1556767
2316869
3713873
6514409
4737709
3372231
5303022
8059623
4024610
6672495
6822156
4527763
8272117
7829908
6775881
0704872
3683361
1327374
3912227
0457017
3814094
5910916
0879296
1734103
2768404
6342469
7838111
9615951
8750789
7972073
5803499
7266548
7933235
7379175
2529173
0847842
5239053
6850976
4450696
0307230
6749505
6380237
0670057
2830189
0979518
4308005
7201693
0724286
6051358
5767832
6415092
9808582
8539836
6127775
1298877
5308969
6691657
7662347
5005266
7880645
4931540
3988537
2503201
4929814
4770318
9721425
7180522
5445178
9277186
5450643
2969507
0779321
2465274
4439561
5272128
0549210
2763190
5639920
8897357
9587086
8167610
1384752
7145915
7705784
2492972
0686954
1215114
6454247
4320595
8874060
3540163
1690711
1643318
0145162
3458850
8817625
2874580
2733621
7646921
6444080
8078352
0536612
2922944
9991697
3296698
8966144
5085667
9322595
3851553
2741561
2327549
9061512
2631070
8694057
7115276
2764542
6602828
6927989
0333995
5702792
9066417
5734907
9112202
7204000
9552062
4830648
6698306
5212501
3291262
6300742
2098463
1194781
4959093
7801023
3551262
4997406
9982331
0894207
1157513
3320391
0399633
9313148
2398913
6130855
4078762
3149118
2783927
2382289
8717645
0256264
2220222
4937872
2411213
4929285
2518394
2834016
4306371
7465462
7598393
3442097
9693049
7920060
8000872
6149900
8429124
1067287
2409220
9645116
0436492
5725820
6563308
5816282
4971785
6915997
3685711
2331051
2694362
5548774
2054004
5207877
2394270
4298952
2288908
6529737
9936909
2972242
1134666
1903408
8133501
2351971
5473609
7913530
0196845
2254604
9012639
1995779
3540424
5943591
9705371
7930603
1051747
7280392
1701445
5948780
6828191
7882276
8938510
5992201
1130540
4391870
1303587
4716684
1308696
3969388
5470702
6354862
7852581
3877039
9650510
1935964
