9944149
5480622
4104780
0919253
2483782
0297572
2237086
9792362
4399519
9179876
5813144
4519730
9809071
9555403
9555653
8140016
3422751
9942407
9838282
0004994
9911755
7576207
9958608
6888546
2069174
7851716
9203871
5798815
1544447
7963674
2179875
1862272
4315426
4211469
9327010
5287639
6544982
9475550
6886679
4103369
7264657
0066175
9206874
5118996
3635969
1145060
4061090
9203583
7909908
9845528
8400110
6462484
1452358
6643591
6728054
0000490
2351389
9798008
0528545
9516149
8456450
3763370
0936538
8915162
0478050
7472878
6575458
7360223
6472923
9635322
6383410
1525966
2376307
3627151
7779583
5772344
4757089
5501438
1332941
2195198
5165384
2507981
1905378
6758212
9099778
3027797
9528548
2633233
2302979
9183527
1673197
2554352
0912351
0356921
3880856
2382974
7311829
8610362
8273229
2965842
