3463116
6019520
7949143
1853961
9725495
9080112
2777610
0521697
8125062
8733937
8358639
2265800
4982698
1312776
8436697
9919482
0177122
5828508
4741314
0344074
7948940
9125896
8547311
5802934
8576335
1808507
0316895
0159264
0014880
6952668
1781752
6231499
6659667
0294874
8809780
9741166
2402559
4445915
9592776
3644189
3503206
8966490
4288142
4978112
4202794
6604652
4586109
9508134
9532782
9434020
2949760
2097147
5849832
3187511
5904936
0315875
1307385
7434249
3326894
7414283
7525252
1791147
4108208
5337039
7309314
0092960
1230107
5743930
6933751
4983346
2936812
4633254
5254774
4182076
0066648
6888093
4161177
1776201
4535735
0480685
1799456
2800987
4386387
4577186
0710329
9968522
0752159
5367823
4562580
4962999
0646139
7705786
0548710
6166955
6014441
0793592
6552927
5616312
4213781
9194348
6772163
3663815
9143839
5844730
2460909
4223750
6096131
1961851
7096862
4648396
4890867
4515024
6200763
9212577
0669587
9511099
0317193
0373714
4181228
3037936
8047184
1038229
7730583
1551732
9710078
5511938
9989261
6929952
2023986
7796809
4389746
7134688
6595334
3859040
4374117
6161229
9407766
0072318
9647451
6230918
7998603
1417267
5086766
1793587
0167700
6772271
7348862
7793301
1124074
7762971
0625692
5553746
1038723
9041370
4872856
4944564
5500442
7260811
7761170
4829423
9118136
6736371
0676539
1911292
4008749
7197124
0287961
8636756
4457335
8295378
4086771
8776687
3141066
1637457
1712998
8075495
9248603
8718866
9765947
7173018
4630857
1975097
0246708
8302265
0709970
1118225
4790840
9113795
1991032
7279152
7308363
9615731
7271924
2187264
9367808
1024075
7155096
1975319
1188773
7048699
7216398
9058668
3611137
7854101
1320493
0230779
6855422
6014862
1605067
4083821
1119974
3071337
9117744
8582781
3322814
7342142
3763520
0990600
3049077
9728537
1714706
5032716
9774885
9281482
7729145
0521554
7207301
5346625
6894179
3947826
6314133
7011952
5890485
9567775
7588420
4382503
8167340
1828096
3413028
1903933
3048759
3172719
1825241
2750025
4376090
1861405
1124425
5409499
7047353
6533610
5222325
0861584
3055095
3202999
0313241
4875958
4657896
3757441
0546318
6277781
5649164
8317480
1148566
1863975
5342579
3952243
5693796
3907797
4466621
6227802
9778500
2999430
1869724
6827489
8639926
8163009
0789209
5414443
1956134
9448784
8548459
0068733
6861710
0470105
1128018
3180667
4202225
6649542
4001708
2255737
5103481
5210618
5712833
5826410
0346456
6273233
6160549
9699399
6889788
2998917
8626739
1863068
6771266
0168854
3479803
7148435
2876023
4726725
3019592
1216194
7934884
1258269
0870215
6407371
8898413
0447717
0674800
3267558
5839690
8880021
5974457
5559809
8883983
8449884
8790655
6388759
3745619
4283749
1633158
3684543
7238646
7477118
7112255
9525879
0312929
9124848
6834835
3938228
9301943
5267416
0268444
5225877
0342232
3859584
2859664
7735616
4428764
4687918
1800954
8239879
6198820
3308137
5515617
0819853
9079658
9638863
2820764
3752906
1651514
6312112
2108026
8089108
4226956
6045618
3886589
9042383
4148998
8982610
2539386
7663225
8698876
0091573
1347507
2293819
2827046
0454822
6289667
8845808
2563866
4529705
3714871
6023140
7076188
3768052
5143716
0647417
4956726
0482653
1899757
6927335
6422835
6662122
6130913
0976756
8105213
5730176
3050070
0982369
2095100
7356389
4747283
1507681
1619602
0523959
6337999
5706674
8837469
0938797
2255610
3508117
1284550
4857345
2094335
1013384
1693862
7752038
4433980
8704312
0448464
3155807
2757641
3800671
0826306
3449538
4648539
9558224
8948878
7121063
6457671
6360448
8858788
8101400
1798326
5383380
3760673
1692031
8165167
7294282
9432496
1339593
0637559
5606396
9915248
5261681
9333047
5708145
2832695
0735432
5404891
3425526
0963581
3692263
8603300
0893883
6966821
6776019
5279319
4851022
8213434
8638071
9393112
3894463
9684751
2343596
0206221
3425208
9382452
6952707
1208517
1019235
9058982
0381535
4590567
0951634
8741925
4298266
6813117
7726926
1895948
0334735
1627294
5829703
4196540
6910924
8042823
2370224
8495874
2292413
4839334
4173880
0098897
2464189
2163716
1467598
6076720
2503982
5599449
2689366
2583426
1508436
8755291
2308780
4399577
5096589
5104701
9789343
2454614
7506301
8075043
5338596
1163050
8431591
2515173
6634186
3345153
5605351
9895748
7499889
1032831
0549001
9044967
4253761
5370179
0104724
1136054
3102407
3022687
8757043
7417143
5173123
1398853
9966193
8986080
5149843
3561525
9846106
9295624
4422516
2058451
6550004
4636126
0622108
9146452
1051641
2616507
5546502
5214806
1781927
6546274
7634144
6044160
9405824
9556429
5364938
7570998
5678844
6638611
4177131
3919213
2626533
4584003
9733649
2554518
2208151
6228518
1781113
0755875
5241413
8033575
3975032
3954300
5313875
2604311
9188099
3794190
3184431
1084150
5358852
3875286
8185001
3457542
4159914
8153506
1253250
6079456
9790763
7014500
7571004
1777852
1200053
3511899
2588946
0359884
1385850
7584323
3607943
3170634
2879816
8012954
7064190
4082903
6869086
2709854
0192020
8299479
3969129
2489040
1686942
5539059
2428374
7988288
1758184
6121372
2761860
9721941
4866169
7558231
8490814
0364436
6506737
9157785
5398660
7577736
2124089
0877759
1673186
1999444
2630514
1656065
8242882
7317938
3947527
4626588
9032087
9756487
0837829
4830943
0622154
9751182
0615782
8335739
8661163
6902720
5508278
3295125
8149900
7686612
8194496
2234099
0936387
9801357
0653162
6488920
1752696
6664932
8057394
7049018
6823301
5086023
5440876
6706082
4843208
5725528
7748330
8398364
8398069
4100413
1629503
8973901
1179157
0771331
5220522
3864087
9101029
1007055
6351665
6471934
5667960
7072474
4776608
5918116
5873297
4790145
8058661
7508749
9839967
2399193
4800061
7810774
8438685
7194585
1014715
2810895
4172956
1585664
0650040
4855988
3354970
2879363
1871953
7031787
5753036
0646922
9210758
8436671
8747557
1861677
7499070
3889027
6393921
5743827
2387168
8760959
2380594
5390803
1855619
6451289
3558376
1916873
4736053
0474319
5628897
9935801
4212133
4619070
9494066
6677309
6585688
5466839
0274922
7059772
8247648
8360100
3301063
8567479
7234719
1636473
8699346
5126399
0472644
4992673
1054818
2869605
5344708
3971690
5681817
8346782
6221238
6188377
7123192
8483271
3392777
4770876
1643189
6639464
2645336
7289626
4968362
9278690
5797937
8674303
9872582
8447741
2375068
5017632
5973499
2789649
0484871
6826851
8563197
4747878
7777339
3678857
8055618
4843460
9392328
2286870
7471769
3875074
6917764
5694750
3295892
4877579
8062049
5498811
0728160
1856155
6589018
3681119
1845993
7928448
2646893
4726391
8082088
1139128
9811813
1720316
4261047
7899701
5865476
2015936
2636826
8224809
1459751
2408036
4963278
2705946
2684892
5769190
1671321
3193000
7196120
5031662
7237436
1546138
3472900
2321731
7839778
1354912
6766122
5476844
9916065
0400790
1744260
5926468
8702515
4030421
3259506
8148299
4395960
9011416
3084037
8181438
7918911
4223270
3823326
0692066
4450327
6850775
8279231
2576196
5439250
2680492
1566793
2103077
6741389
4032968
4706928
8230386
5690552
8946729
2467441
9143144
1148582
6213093
6151949
7612977
8701515
7255573
2847354
3186433
8036917
0029844
4977578
1658045
9898597
0398140
2052422
1759904
2633323
3588896
2152526
2225796
9158042
8240900
1247866
8776801
2461953
2332390
3518757
4219198
6965441
7639539
7429820
0407606
2993455
0904714
9371810
7088746
0136053
4871949
7575168
2267403
4808943
5399505
5049629
5075252
8335049
6010325
3160705
9858409
7618375
9845105
9414337
6396722
6148926
9803740
9860752
4940153
0011982
2435104
2385763
5987215
6293676
5159093
1980503
3274337
1260526
2749673
2435830
8889945
6084238
7442979
4037879
6918689
6377193
9214221
0938061
7990813
6956746
5750601
9585593
0055968
6330540
3585866
0184801
0053123
6614648
5702905
3026419
8535388
9231539
4755094
3992578
9419411
4225881
9214001
8004824
4273291
5764750
0442416
5383356
3389980
6132651
6456020
6391385
7637138
2143424
7825607
0744064
2758083
6913712
9536321
6768613
2334686
8555574
9342724
8122208
3903374
8932536
6820506
7411164
7521081
1433640
3574554
4506710
3526901
9578208
6341472
9970949
3257720
0472790
7844980
3852451
1170845
3826808
3586556
4344142
0971243
6654230
0724044
4105806
1869755
8020118
7370586
9476067
7736165
2541274
8812244
7322567
8332701
9460966
7279090
5796992
3041554
0838357
8067728
5610262
8181466
6717126
0522030
7403928
0512687
5627109
6372836
8227910
7912204
2232727
1932012
0998099
6563559
8217824
6881378
7096124
6326711
0837778
3316734
3492442
3149630
2294433
2005921
1271646
4401752
9636448
7480513
3733647
8711325
6922352
2469455
1929967
2547619
4852536
6613786
9023471
8522162
1883300
2472654
1366328
1069856
2681824
6552671
6432718
3783093
3237431
4512410
8975876
5252975
5009084
2600379
5514492
0359416
8814871
9984582
0169531
7594205
2465058
1287866
9122829
1035089
5934746
8167838
5936494
2040724
2555820
9610560
4577523
6251938
0145787
2175995
2211923
7983179
6967436
5891861
6270553
9716307
3647935
3820999
1385485
2270513
3066447
2118226
8423060
3293441
7832268
8337137
6137984
9766165
7642266
0602475
3319049
4582626
6583748
5172120
2069714
4021356
4995776
9992742
9177967
6062004
1375814
5230426
4474873
9587767
7874661
3043100
1329694
7662220
5660465
4562002
3730193
1627837
7001297
5319459
4630418
0625329
3869881
2525448
7625033
0648760
6604858
2311932
8321164
2958915
6532726
1028577
1998038
4782441
9944822
1837518
9057927
9305000
0578838
3628291
8867230
7056805
5628216
3005691
9230132
9446957
8365842
4229165
5147567
8568628
6226185
7570274
7385365
9380720
7716120
4768997
7947166
6969285
8561133
4433341
7947935
3550809
0532601
8841174
4557674
6737152
8127997
9949399
5516612
4590340
0753461
3732043
1042492
5195484
9137841
3901828
6030907
3413763
7346363
3027026
7904056
3791745
3604135
1837931
3048813
6074718
4885436
2401792
6516795
2685981
6888784
9761790
4913594
1810593
7529147
0257499
2469994
6162088
9042605
9439210
2130528
7661782
2007620
3633749
0109996
3985565
3847088
0518664
1554818
1800249
2711563
9245353
5654333
3464615
0460642
0907811
5666366
0299610
1924316
6032161
9934281
6161740
6031005
3124082
0728310
3222653
4547437
8947676
6831878
9871818
9602578
4824658
3726396
4416302
4305995
6602884
6397183
2024131
6867278
0357249
1182615
1416711
6963404
6140721
4193072
1695455
2281767
9085631
2634448
8600486
4035229
8400908
2400206
1568100
5389274
0704760
1463514
0234104
9026776
8966155
4237678
1177890
7350277
0943743
6122827
4480912
6975054
9624298
0328825
2541402
7435038
2501566
6068250
2282355
0078765
9734671
1623799
7456806
3672785
6351685
1734774
6778350
2047041
4012015
4260292
8261531
8620921
9995368
4581732
7948652
7303360
8892328
0290598
2117276
2983140
0475924
7058276
7002745
5222735
5732074
6994188
4854822
2762063
1281313
7844757
0568481
3517861
5520425
4056125
1677384
2618289
6053242
8897384
6145489
3974250
3329746
2848084
6602137
6501592
6557927
8029884
8667192
3983461
9070544
0187112
1170917
9791327
8410385
2826749
5803596
0726005
4102239
0237946
9780905
1552726
0171296
0648631
8159569
1286620
8311739
3046285
9382150
6089330
1325078
0673694
1936813
8096222
5570906
7571259
0491647
8563809
8027735
1036115
9788393
8173798
3155680
2562333
9594507
1484387
8512838
8889917
0279457
4314665
8488264
5152135
9836461
4273027
0631228
1606715
1131067
9837038
0759643
4408798
2486197
3466098
8502903
7122848
7537122
5558638
6061749
1448462
4059922
0206859
8335741
5780139
2392733
0964472
3753376
1976458
2118647
5504767
0647777
4986108
8701144
9347901
9756450
5257977
2822474
5630948
0937907
9334885
7508917
8174778
7409255
2201046
1250393
6079322
8330903
6060111
6706102
2428053
9889173
6087732
7223851
5182672
2460735
7545419
2104621
0969115
9743483
4362031
0875702
0254094
8507996
3198997
8369818
8621284
8930073
4976772
8578471
2496105
8982664
4572986
4714023
7210026
9449458
3001256
0301953
3505699
2750841
1965779
8930708
1554855
0284507
1144717
2181593
1084152
9883333
9243204
2393400
7257183
0306668
8886584
8979929
0319474
2715651
9607994
6426917
3158392
3300855
7345119
7308616
5945523
1615872
8894620
7920918
3230854
8797536
6187715
9885851
7549484
0124127
7095275
5327096
8656809
0882775
2147231
4073780
9047601
1917541
3914428
8320569
3396865
9695066
6118921
6035712
7936039
2136910
7290301
4568232
9502259
4474037
3471476
8439886
2366185
1385917
2134975
3253646
8982228
4259087
5811018
0891460
7397376
2515045
4600173
0475199
7241099
2457386
2149331
6877623
9892302
4896767
3713271
7180912
6640229
0318403
2102807
3860483
4237520
5705941
2372016
4399335
8429076
8908001
9541749
9734688
7539461
9844790
4845954
8527794
2072226
6333113
9631939
1841550
1073849
8091623
1265139
4932496
8897056
8362556
2711919
2349913
9135991
9862465
6655176
3470323
8047460
9358194
5255874
1723864
8847416
5283581
2978329
1384217
6947765
3179277
6513292
8162994
2920710
7608041
6593980
0423424
2360679
3925227
9551793
8761063
2520306
9504493
5925112
5279928
7558724
8981331
2892446
1170156
0421269
9023079
2925925
4284283
6033966
9497947
5954411
3973207
8588581
5681447
6440250
1389690
2206638
4363186
5798100
9269724
5423392
7639839
2162285
8917657
7059791
2288941
3075795
3225182
3908665
2281936
3547273
7137125
5984755
3277706
6292965
2388362
9067069
2012117
6675402
3455324
3248806
5540850
3585781
4280908
1611758
7581245
0223792
4029360
6729589
0459904
2627085
5605651
7072570
4242889
6327893
5763160
0098735
6205088
6833540
9630392
4171024
8053014
3391994
3688134
4909514
1741200
1627024
4541193
8542277
2087845
3326592
7394822
6301216
6876371
9793164
4873446
1820079
8734044
2680047
2864446
8780332
9553797
3743428
1329713
5290763
9378976
0281601
2318114
1260924
8189377
5087168
1667069
5405426
7910336
8139788
6243367
1740800
9945813
0314934
9596275
6040264
5125596
3528827
2521801
8291141
7328177
5069155
8258403
4020608
0081626
9212636
1182450
3138716
2476945
7666336
2976220
5714607
3540630
6055009
6886830
6055851
3247486
5622927
1748227
8256446
9146453
6040025
1531875
2196062
7097907
0411229
7634026
0566232
5547503
3377532
1367513
5487915
3442999
4528526
1381844
3577396
8513106
1544741
9392629
7126010
6545117
0015354
5126923
9786783
0487277
5505088
6442292
2393865
8066269
1828513
3402675
3554115
2256037
4266610
8530725
3252147
3132219
3065431
2539146
3497591
5415076
6567989
3702829
7890019
3593751
3954775
4326515
4006373
4300616
9147873
2389018
4448058
9850224
8820294
8906997
1654548
4992029
7705886
3617382
8524170
0464697
1803321
4277885
3568069
2847061
2629280
2846093
0966134
7074531
4940857
2020497
2409137
6238756
7157745
1128301
6031141
8825051
1767612
3346627
3176426
1463746
9551647
9210979
0636391
8952506
9810417
2381307
7636641
8702251
8982041
6321879
8111955
5079174
3611069
0967982
1306144
0348123
8244226
5570039
5156204
1589256
1374932
6635864
8766291
8531112
8566147
6324173
1086489
7628845
0094690
2535367
3174384
2696734
3798842
8925418
0956520
1876494
9617451
7961058
7353320
4616420
6011003
0843513
9291088
0936940
2936350
7835887
6979711
0762539
4182491
9393010
2671090
6305586
9353117
8573974
4856453
6411175
4713468
4924545
4665467
9775292
8017329
6585737
3304836
3611767
6191259
6942047
5357904
7071738
4279226
8027427
8329756
1783912
6866194
6242206
4461114
4730340
0527142
7522794
3016307
0325120
2534426
1647983
4512526
4052271
9442900
2284197
9771109
6142522
1893085
0619221
7885047
1193781
9678096
9877850
3808241
3375275
2665065
4016705
6380175
2151439
2831517
2385480
4712538
8212570
3669878
5583445
1373885
9425681
0823207
3484288
8107184
0466916
3890955
5318528
4779155
8735772
3073100
3928563
3927191
6424543
0613435
7983266
1282129
7408645
5460306
3109563
3733472
2172258
9305477
9156985
4404631
9369106
4766851
2283006
3336308
9464273
4661586
1294466
0045519
5068901
7353126
8331916
4256078
0547578
9791734
9253262
9724349
4542831
8491073
1542258
0453482
3889848
8062022
9771134
9308413
9383430
9605467
3388203
5930408
5447163
9791411
0304953
7882105
8175236
9013734
4388637
2111675
9542759
1930035
2885660
6401629
1452250
4175006
2336667
6414891
6523908
7358985
3227275
4753423
3566944
8105992
6742134
7778289
3368181
8172474
6237889
2368479
5838093
5678719
1536471
7213092
2420115
0945539
5163933
4090166
0910779
9939172
6301408
3172318
7676661
7943494
6696355
5075090
1222823
5021317
1746283
9905692
6488212
3634817
1732012
7152222
3223680
2885347
2114449
2944911
0146041
6699108
7912427
5609034
1134949
6941300
5706608
7973297
0834632
3385284
9146305
1834061
1196340
4572553
0554491
3495841
0900301
5455488
9129138
3113116
4617940
8909156
0389580
4486982
2657264
9511691
2529203
7519410
0964365
8086121
3290646
9380882
2678409
0565882
1437404
7860941
6165322
3912139
6075600
3443780
6090261
3612949
9670873
4601531
4822268
4825844
2937066
9188708
3850450
5810047
0814148
5658183
5574557
8078029
4379472
1096176
2787276
9284825
7986659
0899176
2030210
3295530
3275020
9965689
0205698
0618101
0263264
9805929
8897601
3798623
0331684
4045698
3193981
4704551
5282058
0171011
8507706
4022256
5754306
7338443
5686686
6282882
4923124
9005088
2341114
7033570
4719825
3509958
1725140
6665439
4552200
2845560
0087482
5572867
0046283
0989243
8039672
8897738
4338519
9508177
5406625
4705309
7658034
6548585
0726781
0580223
7261735
7337079
6334253
5375601
6602694
8615345
1137039
5154194
6869193
8748798
8061954
4956922
5672924
6398631
4183042
9603082
3566358
7048166
9012114
2882370
5492980
5395889
9731844
9466631
4645214
1794174
7495426
6839035
6380667
4118568
7932010
4390223
3223278
1999699
4196092
2533132
1663006
8024210
1078565
6555904
3956917
8767320
5079787
4398389
1841883
0531551
4584543
7224801
9775675
7120541
2397071
3980440
7408953
7442435
8686976
5455901
0837546
7624694
1454379
8417989
5252592
5536248
6266393
6246617
5099931
5135592
6809442
5580231
4105548
9904890
2146228
2941940
0581031
3726386
8734109
9351719
2803823
9658479
2504257
3237699
4025037
6453470
8829819
1653120
9404741
1863317
3226028
9907368
6796197
2694187
8518231
4442486
9019237
5682549
8638027
4879018
2715805
5603120
6577307
0605932
7163364
6594943
5830714
5007323
1400294
8250701
9306882
5326918
6924809
2038594
0564432
8943539
0100866
8323184
1833909
2624354
9298296
5128544
2134512
4169956
7591272
7941875
4098014
7850665
5145685
4641814
2740301
8056257
2340201
5306579
3372794
9746827
6004051
9141322
7121333
9842213
9394944
2252265
3354260
7187535
6702999
0561388
8556101
2984090
7912975
0080878
4306726
0859167
2909106
6913178
8146052
1483010
2000601
4617544
4515022
3567480
9252203
2419041
5588797
5714702
4921750
3025030
1767984
9457175
2852875
4220745
8365806
2898573
6469782
8601612
4932920
9845080
4088691
6875225
4460963
5846829
4646774
0913449
9899213
8521961
2692089
0017413
6616975
9354833
2433435
6079305
0063162
1440250
4468971
4757053
6550439
6002964
1601494
0325794
0187267
6354029
0363801
9485806
2270894
5762840
5460230
4321002
6940273
6881380
7336148
5407652
5174815
3855131
7559286
3231143
0341904
0397040
7911724
5299006
8937579
1765512
2690196
2426073
9291725
1373741
8784940
8563703
2071835
8291567
4415848
4673257
4801560
4915044
9405581
7188369
0255817
9399930
1942792
6251481
1495980
9575968
6572312
4035859
2845304
3164231
4084873
0764882
3144913
8456919
9023771
5623500
6304817
5743100
2571679
6777188
3846635
2649839
5244142
0769220
6931988
4900178
3110160
3615820
6569493
2804721
7856904
3593570
6352754
3990464
7325333
5318865
0079145
3901084
5367673
0428016
2136157
9736565
4321239
3154301
9686083
5853410
6437782
8408892
1234021
8250652
2336612
7271441
8606364
9251838
3587659
3352783
4161637
2325355
5781151
2281743
8742103
1879865
5179992
3805141
1437477
0466928
9514775
3366295
2950879
6951319
6691357
3011284
4051281
8802833
5839694
7498612
2148535
0391248
7659753
3793483
7126609
9263830
3863394
3384469
4247181
1273618
7596041
3542541
0458658
4819537
1761666
4176314
9214170
8961059
8923785
5061626
1329923
8925424
6037369
0632979
3129499
9022867
1853153
9905250
7301450
0526163
4729325
6742136
3149085
5495577
1705068
7516748
1491510
3504302
0210791
1669826
1490381
0307520
3211443
4837055
0870340
4883865
9650842
1292120
5624365
9216108
0908043
1089061
3761092
0149268
7255579
4671350
4088964
8108590
9459865
5857791
6321810
9467469
0899409
4364045
0048314
2640008
2921095
1021445
1634596
5853745
9458952
8986076
2604375
8382032
4895453
4950402
4373565
9500995
1762003
1750602
5766485
5713886
0171227
7160441
1353715
8644480
0058431
8575688
2363752
9437096
5082382
3310068
3926607
6348286
0931483
7466531
0919102
4379380
6822807
6034454
5676196
4577080
4432568
1591004
9195871
5331552
8686733
8598756
2927788
0788267
8332461
5568845
7298039
9072119
8565791
4265044
6367618
0524038
7942898
1384851
6841077
0528415
3379625
3059634
0429267
4185343
5427624
8775399
3295618
2193015
9298974
1455017
5534480
6903355
0052750
1286393
1508300
7218412
1461343
3153451
0333617
4453269
2279829
0758754
7565370
0614049
9925704
1514367
5439601
8978436
1054853
0776042
4018508
6070522
0547856
2185939
9198404
7930894
0290298
7153020
0609522
9201315
4074009
5709287
9427779
6460530
9727515
2797257
4632520
3530087
2934483
5868039
3693898
1532377
3917911
6249021
1365621
3544129
1830115
6873756
8277487
5240984
9378454
4171626
9680027
0556642
9204223
0162645
8104599
2172669
4667255
3562764
7469828
8261068
0306926
2832256
5588641
1821205
7898214
4672152
6681875
0893224
2099116
3185441
7897332
3905592
5167772
1343173
8015427
3942293
1613020
1564864
1306182
8689453
3509544
4166154
5389145
6815884
1288658
7443920
7437763
5808303
7436130
1613238
4838613
8227682
6518634
2030557
5687738
4454761
4581454
0177475
7076386
4182815
4688832
6843211
9814140
9848362
2950768
6548252
2103506
1974036
4815716
6415884
2319373
0972278
3783672
4263684
3033428
5634334
4624331
5446197
9658986
4310183
8946965
5345810
5612929
4965503
9057079
4955443
3573965
0439559
9315009
5259861
4528867
3037006
9692671
3682220
6192035
7446006
9315080
1886865
0313161
5420233
3883342
8062919
2194938
6159831
7127962
9018894
2672473
8288375
6645678
2047837
4558247
8516321
2237725
2814191
5963572
8630023
1223417
7924455
1724920
3237120
1003866
8867432
0194611
0930334
3822894
0985511
1534182
5684273
9197109
1129150
7488718
4351007
9501817
5017712
2614432
5448307
5036918
1843696
2493368
1432404
1229397
3106943
3305171
8608548
3223659
9710267
7771637
5311933
0686679
3594599
7556961
4319573
8127401
9713808
4553313
3711058
7184138
0182489
3163881
2798975
4477385
3789104
7885879
3103244
9872088
4391650
8393966
1269179
2999013
0121982
1086216
1887862
5882687
6141934
6653653
1691947
1429771
4731065
3861060
2948289
1360133
7511000
3752974
3854802
5464332
7385266
7015425
8523204
4859780
1533851
1513646
2729714
2409599
8343319
7666561
7600226
4272504
0261208
1295257
7114177
6611520
5983322
1098437
0361943
2936850
4261898
5302237
8753790
2329637
9331779
0364986
7425321
2000460
5829380
1925630
1258598
8341933
5528497
4267621
3319081
4558107
2600037
7151407
6539752
3560249
2689324
2220628
2715678
0867746
9658658
7797528
4634969
9898510
0482116
9317108
5816668
3231997
2645685
7388624
8147273
7178275
9334666
5172834
2947504
7798426
9158695
8076165
5725487
0527288
9870478
7687782
5042856
6319649
2680597
2157362
9548961
8646934
8690415
9164540
0066314
8814933
6732377
0451897
8884406
3010120
5112154
0859394
4423396
1348808
4025593
1308288
1282951
7195004
0360268
7519239
0075332
3796582
7156117
4867241
6723918
3558520
4482452
2824861
7996219
7480759
1586155
8837629
2598928
8588245
8365025
0557787
3586117
8097226
1640481
7834675
2212638
7534234
9504158
3805167
2511878
6577867
4559004
9170894
9986127
6073383
3816627
5819505
9244931
6631783
3555805
5269752
4759273
2747598
5101345
3921435
1860539
6438734
2461666
9911842
0578281
1301162
9655537
4680074
5890424
2424569
7498324
0839766
7634227
1100242
1627800
9265862
5959006
8958809
9596989
5364867
1565584
5671853
1379923
6883599
3037907
5020310
5387625
1480309
2037802
4730819
0077287
5968911
9335294
5933102
5493723
9207558
4457874
5658669
3425231
4539902
9159353
7844289
6328499
5073322
9237251
6597392
4118233
8551228
0309892
3898796
2669767
9125468
8629275
4621768
6777826
1401919
9150504
6897075
1985595
5866317
8045247
3908744
8110072
8552402
8700596
9744673
5444706
1002950
7787586
1871378
3499378
2640611
0770827
2051258
4664456
7278536
8908481
9164629
3578831
7033403
7878247
9649689
0892596
2492148
5534092
7341106
3997818
9221582
0689963
9585719
5954414
5963795
6193185
6057738
6492521
8594776
6117900
4539767
7901374
0768727
2466207
4727346
5167534
8396483
0194054
5116567
1709381
1087083
0932667
7584080
9159952
2614967
9960557
2702757
1236800
8065812
4050215
1424341
4462036
6215853
3402962
0101120
6075604
0050301
1248604
5569582
8899086
8249781
3315904
3709463
5717633
7965524
8422317
1336163
3692426
4689906
9825013
2990032
5192119
4435110
1905515
3164475
2723443
8011198
4915094
0420298
0715352
2613903
4491629
2634197
6899728
0021208
8707509
5697054
9142540
9616890
7531639
9158399
1224998
8851326
2424534
5815059
7423494
9429038
1454014
2140914
3862905
3594417
6512383
5622868
2805932
6513135
6557290
4801553
0048953
8261426
0366532
5278952
1519765
6743258
9701056
9663334
9402622
1045437
6021720
2607749
6584841
2473861
0696524
4697560
4309090
6424121
9352087
6576869
2161414
1713012
5389711
5286885
0754614
6917830
5832513
4534936
2751826
1895420
5625416
3516298
0110324
1535475
3838235
5446959
0643202
5905573
2306539
5452784
3650730
7600902
5054318
3016955
6048958
6830990
6424493
5098876
1027569
8955065
9897194
1522615
3029732
3404256
9359097
9160672
4775930
3075315
2028194
1697033
3152560
1017975
7900178
3590275
0629247
5867608
3238893
7795002
9915336
0344425
5061776
9254703
0981132
1248741
8891777
5263727
0001036
3665721
2656582
4727582
9264005
7326456
8103357
8191498
2522025
9106981
2374321
1827678
7554646
2415500
0891368
7598036
0750585
0097358
0790612
5970503
6715904
1653317
9966751
9186961
3456975
9489923
3344250
8967052
4799769
7064398
6872883
1774876
3489695
0015140
3547453
1330534
6000644
7443554
6120351
8887787
6044893
9120799
7559686
9402605
7789639
1861851
2774716
2605687
2635536
1080645
7070196
3969140
6376442
9717614
7922388
0226438
2328898
1064495
3301574
7289046
1291499
0899768
9827410
4585003
3286600
1347151
4712524
7391543
7358055
3191474
7325930
2736587
9761496
7365605
8755755
3235697
6105352
1802173
3336786
7376408
2219475
8558640
7261211
4156583
1893781
3610204
9878607
7081662
3853269
5484720
8823720
0251889
1605407
7109214
7364348
1434398
3670453
4991228
3692787
7100829
8982318
9602090
1327847
5643719
3122134
0739805
8215921
2550160
6780834
8498848
9487925
7598204
6204628
3110776
1210757
1998219
6100671
9473191
6663581
8785406
4131066
1513600
4788568
6521098
1899780
0533415
6862589
6666708
5042600
5010943
3098721
4514949
2543688
5046929
7741916
5809351
4896303
3001069
7511148
9670792
6356217
6401566
1905138
0657656
1037802
0347313
9449040
1108734
9760779
6072369
9725519
7608220
8325327
6959533
8468954
0503790
1119993
7154701
6405048
2352165
9583133
3085342
1524565
5237719
0655850
9600094
2395493
8685141
7533295
9655225
6214952
0874727
1410275
7123180
8771893
3922650
6138112
7101917
5044636
1523652
1496233
0561399
6923931
8201756
5659670
2438989
1125554
9966957
0462151
5145361
6696929
9520755
3888220
9152802
7100851
5951776
8981074
5637241
7445132
9415201
9812893
0108855
5331807
4616764
9434039
0194429
8339915
4935964
5312916
0187044
1643855
7594519
1164714
8403772
3883043
5121515
8285452
7590721
1619160
1464214
9667195
8716774
9090812
0907422
6728413
0302458
4556895
7242808
9913877
6780358
1354733
2319623
6861194
5831667
2624022
8016127
7377599
4839721
3055810
2864027
9260903
4068433
7917955
5495133
9751373
1863921
0942627
8648261
0716132
5548105
1954898
1685098
0581858
3339231
9497269
0175581
9151316
4427749
2122815
7236330
7150183
1255206
4803406
1606662
3613920
1868670
3520394
9612466
9972885
1931137
6458925
4708242
2970349
3918151
8611076
1804123
0453944
3607235
5474895
1391808
3129476
7223603
4005829
6732798
8272914
1900004
3236993
5090312
5888351
9658778
2984646
9673854
3080042
0914606
1010725
1308501
1557797
1681152
8418548
8292745
8640679
3775606
9534008
7683407
4293899
1918155
2853686
6983557
5591424
3825225
9451360
0164287
0768962
1979382
8934098
5843321
4968293
2691485
4180120
6528278
7736321
2803894
9351875
6222575
3217486
6436214
7674731
5714093
4820511
8507076
3842247
8529097
8662394
1192322
2681331
0193964
5643558
4015399
5719290
1705920
6887006
1325296
1909284
7381165
4558914
5112658
6607997
8482177
7632159
9252744
4068808
8635438
0313747
0540876
4693993
2594535
4499565
2847757
8370978
4362595
8899781
0993294
2506936
5962494
2404632
7405568
6972435
7932871
5812742
2571945
3838715
8604470
7832066
8836375
5928010
9536978
6197838
1620524
5485261
7933226
6011303
5320050
4572507
4795410
1319561
8464905
6860735
3664244
2728456
3121860
2090299
3896317
4659771
5042664
6075145
6751172
7275559
0526776
0761116
9070025
7318752
8793518
4842969
3378234
6526088
2510498
0885924
3965026
1779948
6418263
6343766
7214640
5316144
7722451
6833790
8644313
0000464
1495319
4780989
2043563
1161078
2743164
7360428
0569149
3208223
6617130
2242930
3922126
1089824
2261269
3704429
1295126
4876656
7610181
8449019
9536984
3485586
1897376
5103571
1621068
6627512
7652357
2806943
3485745
0822974
1799808
3642378
1101927
7310117
4929011
3853966
8979005
9562100
7824912
9847233
7061296
3850414
4537079
3503943
3495905
1025921
5304787
2710588
6307917
7004380
3773738
9924099
2671087
5207228
4163924
0487361
1731847
1009288
1706543
8707477
7171503
5210982
6022856
6186777
3983040
7359604
3464820
0575440
1724256
4869189
7808797
0108511
6625010
0963137
1773568
5754582
4507587
4093280
4259206
6547785
1052099
2084922
4189473
6731829
3054629
9322663
3134593
7072376
5961250
6421202
3521912
7929072
7071739
1099469
2095539
8922802
0364235
5133367
6784323
4168699
6529747
5043088
4679775
4322849
7522536
7343835
5390542
1256381
8048046
7284496
3124993
8155856
7329475
0442845
1612200
7805393
4018932
7884922
5753262
9555151
7759690
5685031
4916526
4041813
5846579
3103780
7369623
6584049
6756323
8718424
5095562
4330645
7157713
8336705
0352791
4034526
5141038
5633245
8452378
1599603
9073762
6462977
8900776
4785781
0362794
2573063
1889063
2505302
5749687
8388662
6104716
3547074
4620520
2773625
6620146
2818646
5932277
3388141
8555271
5539929
4079438
3220374
6632158
3674681
8086367
2426687
2341686
0423302
4285209
9029493
3505947
0976450
8146221
6521702
4134950
2792072
9942352
5265737
4344359
9574606
6065039
4822497
2281887
3373467
7763263
3431650
6438709
5592130
7133461
2805146
9539273
1046372
4346158
8754436
0912964
4257786
4029209
1826685
8597759
7856517
8388250
8495579
3524581
4256560
2956392
7098540
7396643
3843341
3674324
3874530
1954327
3947321
9902850
3153159
5419617
9574694
0262678
0534937
1019194
0168019
4897353
9052133
1576440
7305752
4727008
2010084
4320453
7732258
8986391
3582188
1864187
0818839
9181234
6460397
7537149
6244070
8592176
8647543
6874030
2640332
7568402
6751243
3143386
1502896
8151801
3837152
8498225
5859461
3024815
1829269
4295413
4538486
5202402
7673316
8390716
3539965
0804437
4534857
0919485
2344818
7755645
8516861
7640417
5412048
2424943
9420916
0735792
8199602
6644472
1537305
8486909
0207016
6074346
8345047
8561916
4042460
7830195
7748468
3512902
3612278
7820428
6540472
0524035
0905751
0194541
6157218
8488514
9175736
6064467
9127320
8458264
4085190
5965488
9148089
9244452
2939022
3352258
2993783
5961923
5667752
8550404
5296602
8270913
1951378
6661841
6314688
6082073
7097599
2122560
8466586
1407306
1434811
6419689
6576329
0305947
9032680
0519611
3818510
9900187
1463082
5748976
8437138
4787285
5076810
5824229
4167564
0902075
7311159
3919488
8803546
6441430
0371090
2888349
8660640
1525944
1091091
4544776
5644289
2052479
9187026
2206588
4502383
9447470
8871100
5644554
2358985
5253490
1144956
3067520
8967920
2967434
8332590
2176849
7240589
6235822
4438289
6124144
0683415
3369685
9571745
5990869
4677565
7915422
5693452
6732685
6914671
5655096
4718341
8679812
9708137
3152052
7974011
5318138
1194755
1344891
2139630
3292517
8255628
4272700
7273467
9376487
8716126
0958230
4735381
1241277
1414579
4582396
2946094
6153664
2733497
5677809
8479133
6753331
1776039
8348224
0897187
5725763
6609089
9982738
4260957
1111600
6101600
0086317
3451672
4166396
0380597
7656074
0739663
7815022
2760456
3600355
1406945
1556165
1025966
5825756
5670425
9968090
7862120
2344417
2091031
3471588
8957139
1978548
8253434
7583125
6745741
0486848
9367012
4986389
3207936
6563593
6121449
3476717
7501695
1771068
0226423
1899927
8545765
3330070
5593925
4067900
5685130
7022707
1158265
9933019
0905323
3280794
6035503
7108224
6142020
6655389
2762637
2696466
2456890
4196911
6317266
6346233
7155012
4090313
3698745
3282789
5334593
2637676
9628707
2208654
9643300
1422761
7185683
1593893
5064123
9885775
1009482
9286087
2740653
5798660
6842980
7118570
5413050
6526498
5587570
6886926
3140529
1202433
5602799
1968812
4032773
7316200
3072280
6195030
1866524
9837894
2950217
7057609
7623630
5718708
4321550
2341695
4216196
2415164
6785934
0910438
9015603
7171073
9259893
6522526
7266028
9770741
7570543
3171930
5480794
5286494
4656506
1984954
4094909
7843756
3506524
4668733
1296031
3176753
2195088
7828487
8746192
2378962
3684896
4415503
3773673
2940773
5331996
1610752
8880903
3964497
7582890
2400987
6376652
4763832
7080728
0120803
4303855
7372872
8490748
8948987
3961472
4152492
8007609
6584040
6204096
8954200
1527580
0011720
3055751
3867266
8852518
5772625
1571651
2140808
3830731
4907912
4380093
1797487
7116841
0487247
5037080
7056489
2009916
3276582
2640242
6461233
0042032
0716123
0567105
2920458
5580459
9055867
7501515
2487318
7611055
5849473
9540990
5004611
9205748
8652459
6613736
4618293
9486370
4767277
0097985
5598720
2922484
3432912
9685054
8540205
7146520
3128347
4989351
2425748
8326282
6875261
4393943
9332517
2898610
4958037
1704222
9312485
5148276
5074740
8709619
3334563
7604272
5356780
7540682
5710075
1851054
5035697
2536355
9656836
2153137
1137087
0693234
1748377
5219738
0528212
9301330
6488683
8700603
5674525
7989233
1063238
8204400
5807791
5696838
1914376
3154989
3177571
8358149
0941531
4217793
5199000
9352908
0547147
3293747
7814953
9622742
7013807
9935370
5221678
2216785
3946240
2163953
9613014
8894825
2688671
0008360
8942472
5819109
7332062
5049958
1454540
1014888
0888103
9970010
8204329
6622396
4585813
9699195
2281095
8984261
4310212
9766846
7548946
1796460
1669214
7357606
1432884
7202511
5553065
0167709
9995985
4800680
5059395
8165276
3455933
7398975
1314117
5773971
3112208
6550248
1878807
7747808
8326074
2156372
4186848
4701726
7597482
6669171
9599886
9298737
6826236
6106323
2257448
1243715
7949678
9395327
4115483
5522815
1601314
9140797
1814932
5750608
2470262
7498720
0220883
7621334
2720335
0924308
6170678
1139910
8281748
7405377
9016348
1921748
8490760
7434187
8482716
6127110
8669478
5335552
9176701
6690085
9697449
4256099
3643500
1232717
8957376
6339635
4291337
6200767
8181307
0569408
4417979
3797196
5825811
3403563
4583302
2686452
6577667
4555521
9143215
8169229
7006363
2056348
6208957
3851675
5467709
7425374
2858027
9469685
0811463
7554839
7754920
8024404
2614683
2878731
4927914
4801275
6384909
4897212
7730845
5275290
4773852
0054215
4742222
4435699
8680422
5350297
6845430
0648590
8141311
5287839
7653318
8875616
4855905
5005612
1396764
9779729
2178325
7923450
5550613
0645932
1548733
1415331
3264816
6740311
8665595
3212906
5574943
3746811
0584719
2466517
3731367
2853860
8851310
7571045
4030428
7482029
7478842
5542762
4757578
9957439
0816096
4281228
6693724
2904694
6387430
7113951
2005604
6113419
7818952
0215220
6402195
7018903
7527868
4866216
9840251
5087764
8646272
5175249
5347649
6560905
7902865
5718372
8660298
9401029
0387355
6001236
3506428
4890029
6825383
6350573
4318489
9247647
0466859
1334293
3456180
5810624
8625612
1892297
5012919
2975044
0998292
3460619
6336663
6003955
9468073
1947186
1758688
0626474
1708214
3533455
1655238
7340247
1023284
0413962
5482498
7360685
4726679
2509697
7882923
0223682
7242058
5888663
3286111
0400840
0587353
2754908
1005331
3879618
5470979
5963283
7388687
4413233
1800445
0288824
5749503
7150444
2026734
0403784
9487210
8155869
7829282
1834179
6309527
8209510
4773006
4478043
8503417
1000511
2187025
5658166
8084045
7369094
1955467
0681747
5612883
1333343
2071252
1564172
2801778
1926573
4764854
3193150
7210034
0019063
4977632
1846199
0444880
6696389
5845524
9106793
1431283
4927836
6554243
9294180
6826195
2193072
5567251
8278475
5626506
6457561
9931812
5145272
8856657
9182471
9184283
5874103
5418170
9121554
8853444
4357416
8485122
9851100
6566859
7207993
3549018
5846325
4025676
5942071
9948008
3875175
0512489
3223435
3968226
9348999
7684794
0249860
2276639
2641024
2182510
5761973
0327455
2146943
9889315
2988045
8385959
5458376
0822958
9969182
2469899
8668155
5009970
1216010
0298665
8527199
9477360
1212291
9051008
5964393
0385302
0093712
0685908
5768725
6717701
7403980
1802580
0028081
6663582
4348058
7246975
4420650
9908057
0372985
5734760
5852085
8741556
1598604
9279742
0010581
8887751
3299332
8179258
9028257
3587999
1559467
3706241
0979801
8529590
0809429
5263503
1518374
2060699
5925802
9295676
7038916
7375131
8229883
4760619
1046866
3680127
3409586
0679216
8244832
5919157
1996403
0846930
2719710
9311970
3034540
7242450
9652963
8085537
9509328
0628823
6349302
7545053
1035000
9909780
6642436
3454873
7613946
4144036
3671055
8135816
3030803
9920664
1889765
5530241
7555487
2172207
6403385
7515729
4825094
6068998
1498600
9923935
2154719
7666867
9951182
3943833
9319905
8157821
7497390
5553309
4799488
7706636
5489379
1199794
3093765
7815179
9437784
9737573
3832561
9321002
4902014
7036154
3613100
6283559
5209882
4062622
2446194
7604663
2358466
6330740
7648429
0631116
4009454
4118292
2012350
4507626
9109604
4323670
4500750
1278830
2073846
9771691
0794616
2770947
7245104
4689507
1021197
8509721
8623307
8844480
4316383
4355787
6482181
0642030
6829664
5864323
5471056
3168371
0623001
3558267
2565139
7904581
6250196
7909617
9926488
4754951
3438058
0409974
4159037
1321048
0757997
6340190
5327399
3075215
6793057
8568947
9703701
7849141
0692663
1795523
5897998
3967234
5528604
0605232
9729507
9352920
4899668
7683102
3976018
3471573
8026064
5430915
8970174
3331400
4838834
7884538
9578411
4332885
2059844
9190720
6857921
5689334
0296235
6731453
7528455
4332914
6043115
3444220
4514022
9681876
8388571
3788487
1740400
8679732
9519763
6434464
9046694
1261384
5110838
8689153
0452051
9768419
0094640
3961105
2524455
3047848
1815800
7519951
4496784
6417418
9982812
2315188
6734469
3587541
4858738
7696992
9476731
9416375
2529289
8640403
5423323
7041332
9577463
2816831
5383025
6536764
9513257
1146191
2349960
3290597
9435677
5780270
8191112
0141746
0469818
1175348
8434567
0968352
4148052
6609412
3143158
2794798
2070708
0412519
8543869
3443518
0370258
9044468
1050627
9400525
1906087
8493311
9440785
4447341
9240795
7427180
6038605
1341004
7421312
8463209
5171602
0766198
2243788
7682747
8860592
7956600
9401766
5656143
0783209
4832343
9645579
7928836
6956845
7761916
9131623
0251357
3672203
9208238
3952038
9215210
3867651
4515016
4472792
0222638
0476517
8153692
6120915
4352912
9384995
0737939
9554086
2331010
3479521
3898146
6381278
5133043
5400964
6734723
8834813
3207283
3345758
9453818
2192389
2214285
3349243
2446317
9533270
1886622
0863550
1232952
5632721
9083835
3593771
0176186
4794116
8035854
0818283
3120650
0989788
5481938
7140243
5270856
3385494
8811334
7222367
2938852
2284820
5539688
5582392
2822241
5006216
1103355
2867463
2770482
8321337
3300863
8573564
2812044
4950689
1356970
4217700
5188509
5187612
9148108
5889833
9890288
3876327
0189067
3505020
9979257
3468249
5786874
6804714
8360920
8420106
0646353
1175841
6979288
1321741
6186303
2118328
4731169
9459615
6697824
7373766
2054278
0196260
8640900
7520964
0077390
4395857
1814223
7287422
6203544
2225130
9905955
5879376
6398483
4600598
8992779
3827407
4670359
3704730
9565818
4241492
9226037
8697157
0136763
3455352
8725425
9043636
9636144
2750388
6926276
4962289
2732460
4179356
0688222
7587987
0003922
3249590
3534080
7420109
4329500
7790882
4013871
3518956
3482989
9809893
2476318
6051099
1895934
7423428
9038007
6372659
5136256
7405160
0622236
6734673
3847888
8146140
1909108
8718445
9539907
6489353
0937630
6325579
2096625
0167447
2960328
2912276
0690129
7319937
8811514
3687646
2509212
9704480
4447994
7681270
0973452
8383493
4947509
5677385
8155563
5877103
6832053
6190704
4261693
5294310
5560858
8889623
7672005
3954092
7625095
1863094
0526958
8834142
1951072
1061872
2051575
8683719
4890225
9850474
1998867
9336257
7030675
6936680
4272557
3513853
6601634
7817880
6514221
5844311
7464963
1140281
8174691
0195335
0386562
8711404
7733604
7830494
0220532
0423515
5337376
9005605
9450964
3938904
9149083
5130507
4106719
9317252
6716551
7133739
7798572
4004491
0128863
4515134
9799390
5237114
4930794
2540524
8547251
1457267
0229489
1605573
4588825
9615306
2214168
4968089
8088288
7117850
9867043
9108972
1191180
0374958
6144046
6222139
9511933
2667252
7337248
8491588
6320562
6692967
4385987
1834039
4050832
8942284
2720724
2454462
9833933
9700293
0609672
9312451
5722450
6579902
9704424
9327695
1205112
4520948
5791455
8293857
0164492
8662624
7571347
4369331
3983606
9910905
0961748
6235753
9027046
2741780
2549097
7757266
6403726
6502777
2621164
5550559
6257292
2862717
9491450
5283367
7778057
7576611
1809418
1370866
1965169
5887752
4821263
5948202
3789338
0887945
3582228
9274849
9181856
1533669
6536941
3470042
0101984
3311390
5102737
4900597
9278276
0773680
8943519
4303364
5149269
3335014
4910336
8569474
2454682
1401726
4609765
4872053
4763377
8481564
6091580
2205912
8228661
1593953
5493310
5073977
1045718
2784735
0574086
7079305
9786542
3748230
0139508
9520194
0346537
7143526
6126862
8828039
0903289
1465292
4623359
6998404
6896012
9849216
3720363
2660696
8746140
5944835
6123924
4605547
0326295
2923596
2006295
2198071
0197324
1063308
6768609
5594123
9716935
5496497
4371916
3851422
1846886
8475722
2800517
4825246
9173952
2264034
3515342
8950923
1421547
4984334
7983213
2932459
2399469
1158367
9559844
8146093
3124759
2791868
4645185
5500713
9743838
9613778
1055994
5515076
9179094
0128430
2828157
8456305
8923284
7161166
6427523
7062240
0464356
6869016
5427193
0121144
4333492
1425148
4438565
8584495
4405287
7999136
1004072
5419922
0774414
0719621
5098183
7220893
0001345
7654804
7123830
2840117
8750817
1083770
4469349
6924036
8890039
4661134
4066140
9434373
3129285
4292628
9212974
6274362
9446183
8506755
0684397
5899613
0329073
3635684
1744871
5436290
1238582
2180617
2890200
1375924
7524904
5728016
3522898
2857911
9755829
4435138
2852285
9282920
1736414
2970864
7090238
4196882
9452656
8349638
2984698
7275846
9636332
0899047
9524207
8242351
8664928
4828887
4819126
5872695
0354394
3180743
1642010
7598896
3777453
0867051
6853283
4042299
7529366
0658892
8019124
9077377
9177353
8125564
1579639
6848496
7170577
3744633
7010096
7015357
9186924
6389182
2946337
1008003
7852638
4877734
0977413
4511126
9599935
3272044
0548848
5363800
6151179
1553331
3794023
6664297
8517407
0178589
7919212
9126515
2565844
9188274
3183526
0893387
7303148
0496113
3459956
2503703
9946135
4717113
6034218
5565302
1498240
8878797
7312243
4870512
8115221
9679448
4528201
1735813
5121217
9759412
1987846
2257592
3765547
2521911
6603770
7303057
3832811
4751873
7758235
0735562
2444601
1143775
8216585
7615204
8133451
5558107
8347420
0241158
4264316
2780974
9912393
9623311
5538170
0179398
8637863
7251183
7555981
2818667
2262705
2434888
6870781
8736149
9884423
1991027
8909070
5863843
6973120
3228042
9765236
6473294
1529200
5171047
9212595
5141469
5339236
5591297
5642656
6483785
2658620
5101136
7292410
7788042
0176483
3607257
1034010
5226905
3180607
2677564
6952211
9645657
2487449
7550241
6269582
5015381
3170731
0325850
2393971
5744754
7090489
8854060
3773723
6119404
5927122
0093769
9283396
4587446
9142404
8198229
1169604
4707268
9065366
3159797
0146376
6270050
6968732
7154377
2565750
5302595
1493463
4699166
9115394
5462773
2866879
8767210
4744915
9900211
7212567
7126821
7096503
4931531
1959993
8973364
7490199
5819654
7382302
5455375
4085985
9103114
7907703
0836450
3059523
1755496
3993382
4128612
5525601
1974969
1856432
7205188
9054995
4821512
3933122
4545278
7490827
4694967
6668113
5870612
2723700
8115302
9393752
6704880
6838042
2016424
1083097
0833466
0186598
4190397
2293319
1763005
0739365
0536305
8345053
8761109
5121992
0154957
3259055
7126240
4787850
2833969
3902270
5421095
0135157
2966781
5485754
2530305
9905350
1161153
0732337
4622055
0953436
0894582
3272389
3548575
7874749
3428057
0403871
9814183
9888647
0613646
2384796
0003649
2031900
1029963
5757261
6271328
0453801
1004066
1804973
1665815
6924395
8231848
9778382
9501621
6182164
6815239
4891669
8714264
9390648
0745913
8134574
7080020
2536691
6346207
0018980
6257589
5939809
7328083
1120870
1609868
2765306
6209398
4691317
8987290
4742055
5487577
9837951
9098766
0368656
6943695
6911755
8231277
6393860
4109084
8144792
5049909
2432340
3697778
9531986
1318293
5828835
6852903
8573932
3416505
8622922
2387180
6972448
3729239
1108424
6636190
5293784
7380802
5507875
9265303
2721816
3320268
7333666
7685451
0031407
7493158
6739879
7708471
6345831
7548714
0502554
5668811
0634401
5576577
0027005
3793637
2434481
3240415
0757710
8955536
8518912
4131984
2521422
3719710
5735875
4848801
4138833
7294285
1453526
0262565
0559823
8980377
8165968
1344253
1544230
2766002
9647876
3979229
6840236
5458783
5811082
8523445
9258519
3354463
0282154
5976911
3798265
2850603
6202858
0800278
3857833
9028961
1941038
5033222
4825972
8447503
7315201
3169664
9337471
1519967
8576312
2715673
9190282
1004179
8879261
6447155
8343926
6377287
0752489
8565386
9565777
0403693
7313805
2697535
6528388
8796925
3199215
9976728
7153487
8700677
0022220
2393606
0133863
2451899
7566421
9945340
4288588
4419919
2423936
9535529
1624011
2460953
7833645
1522413
9482690
1998347
2772950
0306979
4433552
3424944
4466396
9547171
8371875
4494119
5340656
2069313
9915028
3616202
8186469
3621361
2128649
3328947
4947767
0862699
7824660
0259104
2922439
5869158
6395937
9159862
4252403
0252265
5104080
8740308
8770317
4847202
0513035
9139509
1368787
0949760
3720660
8443031
0951673
6521179
3663035
0821049
0976146
6935661
4113522
0202134
5857952
6420918
6360033
0007993
7100067
1375234
4932200
4708417
4894694
2667829
9191143
8798316
5552888
3792289
8470569
8472967
4299899
2292756
2679403
9058956
6400656
0428864
2801893
2268946
1337650
8640363
5795631
9373116
2765959
8881043
1092681
1651229
3963850
5972979
5541603
7557421
5207966
3753801
1869610
6547136
1175884
2761797
4680444
9762345
6494706
8419449
1653605
4170948
0547048
9431393
4030328
7910498
7556447
2730774
4003512
0000856
3634595
1430487
9837925
5742226
0195657
0551305
6052429
9640928
7081809
9320566
6049173
1387265
7326963
1981078
9669458
8925640
6194395
5771958
6378288
6746592
0157039
3690760
8806693
3855969
4096841
3759873
3138145
2641974
9758590
5151921
2537873
1887621
9420414
7347435
3339345
1072731
5396392
7434568
8016612
7029535
3996636
9428063
7580890
8513578
6065628
1822988
0547791
5493971
6582523
2147086
5731127
5851196
4028585
0618150
1790146
7462228
0048394
2113217
4495053
2856656
8958934
9723557
7275092
2532448
8322469
9719075
1358732
9925926
5883081
3694086
9405018
5050512
6903203
0153074
5067743
5801351
4441232
6735162
8902970
0206387
2103824
8124970
4997987
6246830
9716698
7699713
7655007
7122738
9505152
0020614
1352950
1742148
7083720
6871405
1264122
1244948
8410328
6007118
6903422
2713320
3658060
1650697
6270660
3297069
9725058
7968238
6714756
7185356
7066193
2169542
2403884
3345034
8259820
9897766
3111513
7625077
6652512
8446039
2905832
3114439
4133137
9248718
9144393
1443438
0757397
1096792
0997621
5729918
9262340
9820416
3788446
7904463
7201064
6347974
3795348
4294865
5351614
4520792
9088000
1320883
8968124
1067472
7140211
9504400
5741057
8970046
6438044
9776913
9712315
8249030
3324143
5646103
5716690
4584957
4216818
6542244
0768725
6306286
3965097
7388469
0971859
0633054
6419586
7863194
4149176
4500232
7309899
5485384
9351905
3567432
6160071
1848306
2604926
5956653
1431754
6275075
3034592
8507052
3147732
9062891
0833050
1924959
0366862
0993940
5841336
0672170
3451325
8438379
9582144
0531450
8788473
3515936
3857583
7875456
2327346
4546284
0831873
3504427
6681065
2176675
2753018
9295340
8907627
1876838
3304463
6759118
6319789
3568245
7681232
2556510
7398338
9616743
5531786
9964414
8199437
0839606
8562531
5593079
1396143
9010251
5805302
3942888
6164677
1979737
6837329
2749075
3692496
6953136
2190882
7752093
1424786
5395191
0962972
0605848
1961449
6660882
1358394
1227306
7609618
3355061
8473168
3760321
8693098
9617862
1791639
0342250
4240983
8748747
0615734
4667566
7607598
7926754
4786718
7770729
9346755
7226851
7524027
8885702
9546680
6880368
3817355
2188098
5000470
1513671
8613517
8365103
7807250
0923685
7371742
3092280
9241416
8019645
2231890
9836954
4577235
1950025
8658851
6308792
0026959
0653967
5746307
5459858
9887519
1232946
8520585
2158098
8025720
3863798
9925808
7850733
3920116
9920908
4805702
8357671
9788177
1392352
8788488
4511793
4487366
1963635
8495193
3536811
7326843
6366132
5770987
0236729
4675904
7088382
9734980
3352053
7833336
6023454
7817723
7645158
8535615
3609434
3365524
5001053
2030277
6243679
2736658
6998274
4313920
8578252
7344526
0709258
3031285
7626763
0530112
3068962
1956450
0097695
9196401
8476250
2388543
4756687
4458539
2637623
4929244
1961734
7264738
1713284
2322787
0460202
0697816
5841763
3874657
9413934
3496813
8656750
8982364
3694951
0505480
4118548
3436578
1979660
5842763
4419677
8158830
5611640
7730182
8175373
8228623
3804221
0608719
0650312
6507048
4701403
4214544
3276567
5365557
4898766
6898248
1641216
5012616
8173008
4151691
4974655
0188018
3180163
5422531
5951024
5847494
6538116
2664299
7015906
4438548
2407184
0120077
8305743
5344097
9345562
3867361
9351987
7006169
0872443
7472154
6005443
2736816
7526743
2347336
5967257
2128085
2010222
4087148
0928126
2388729
9088465
6256005
5155935
0673497
0867968
6055482
8893387
9803074
9935206
4719767
1148482
8095374
9854498
9617021
8124604
5722379
7642145
3477265
5252210
9634913
9080576
8265094
7885529
4031324
1877149
5320901
6264039
5800081
7115822
7265437
4623224
9477754
3673627
2468968
7151326
2154995
3207921
9327101
3915199
7910475
9154228
6358645
0382335
9097649
8960709
7493965
3147745
3324513
4092922
5778376
3424649
1141820
9814287
6641645
8431392
2703277
7846733
8008632
1567847
4107173
9183821
4822605
8276091
7674436
5163447
8445316
9025293
5035595
0339862
8026017
2764903
4085079
2019674
3376463
8539519
4865445
1486106
0858513
9961784
3811840
4128756
1260388
5445186
6689452
3694811
7461098
5918946
1850327
0685198
4873526
8531821
3284578
4399231
4642757
5165319
6704179
2607559
7600427
8679199
0246059
7039080
3515709
8400502
4369511
7888365
4766637
9988536
9865829
4572521
5613417
0539151
7140103
7994268
5018519
1048437
7533042
7663340
0999287
5034550
2221234
6399990
3769612
2185774
1476452
3537926
4677231
7001900
1221033
9546060
8507430
0985103
4218587
7817228
1655799
8310825
4609344
1358850
3420804
6534253
8885067
6977164
0116754
6167555
9067206
8961843
2107839
0034252
8021347
5624451
2847876
7820442
0672053
4745037
4697595
4412198
1878898
6011267
1149013
9531580
8248534
0081927
8094583
6446011
7154976
6501290
6410788
5314012
9660778
3380667
3833399
7015317
9672081
2531436
5887257
1810399
1730147
4258372
2099738
5858099
9045244
4792249
1639968
8475732
1700940
9382562
0856992
0992451
2020997
6707617
7360710
3674543
2319050
2063843
9666325
3942553
0815327
1738523
6414026
1787424
3572771
1783551
8955558
9034878
7960383
8962297
4132982
2169951
0504930
9953422
8456370
4697019
5998935
3224706
5803721
5286888
7124386
2940895
6056876
1812938
4476919
7460623
7688033
3205208
0099583
4070902
0435099
1061905
3288853
5650306
2804458
8873562
6258917
5899424
3264313
1106898
0446016
2696131
5347270
9640625
3117064
6955943
6059627
9055829
4521530
9370494
5110854
1148053
4889422
3232473
8004054
9014948
6992777
4826752
3056519
6989818
1125043
7310132
5972557
2796687
1010604
8405454
9926505
0645201
2182949
7420085
9753128
1368199
0266020
4299259
9168346
7383320
2981913
0386979
2175377
0452918
5177575
4788001
5797862
7807981
5990542
4133989
1618761
5249161
1978707
3437350
7577249
1053561
7757508
7581240
6824780
6711797
5412285
6328148
9163672
0621165
5976008
0353222
5004506
3578352
2845831
3564837
6933393
7340390
3762226
5591879
2813624
6545186
0631382
9680275
3119328
7647533
3853395
3746011
2223459
4533158
5253468
5223473
8602115
3947501
2386127
8531120
3191465
6842263
2151735
0424271
6853276
5402132
5013944
1404675
9411389
0473606
1780595
8621018
7273207
2921897
3343241
2061631
4360403
5786208
5991895
6013774
7099832
8546276
9552401
7704080
6009445
4753918
6229961
7537546
4992505
8298319
3169044
2035664
0955228
8953736
6772225
8912452
1126356
1065628
1463469
2860781
5879426
4281384
2353670
4094696
8371427
7116941
0384505
5832572
1918131
6755985
2274577
5717247
5742069
3168426
4277454
4423403
7555469
0132233
8554474
0564503
8165482
5040389
3896661
7416009
9557618
8023046
2780573
9388632
4793524
3762278
5638112
1214127
1686594
0907648
1909449
6701108
7732772
0412495
3380910
0449032
0918966
6558849
9692697
5054787
5283237
5923724
8368973
0163550
7339060
0747011
5460276
2934262
3892864
0749179
3772382
1222659
2221843
3844531
4364740
4178762
6958963
0805254
5712926
3423889
3931666
0065526
9525171
0112710
5736848
0638805
0307031
6097012
0773986
4537977
3040767
6747026
8179180
1496376
7708812
6928586
0248982
5637399
5983261
9845321
4688726
5003960
8684713
4153096
0750061
0803260
1047090
2065913
3548640
8782252
1185249
6078697
7159259
3748972
6338263
0395105
0070782
5968599
5052546
6982118
0451380
5475218
8088621
7845161
0927134
4795726
6665225
3543536
5063992
9948048
8186247
9670462
8196335
6096599
4761793
8660358
2013454
3803776
9692931
9144296
2336732
3310826
7457270
0370127
7899376
5163806
1717732
7144601
2324648
1748638
7170245
2464700
1609513
4279259
0672672
4381057
9966992
0238155
3779574
3391377
7605484
2028442
9838260
6868102
0207754
7458447
7725938
2751005
9202813
5117004
6979482
8885595
6818328
0388466
6078746
6171437
2160469
7437715
2379392
2304444
8590678
1416881
1612728
4579247
4734402
5470919
6887898
1930091
1310734
7120365
6648668
8014409
5758350
2900285
6374318
2100908
9172099
1426359
4365446
5142449
3746331
1625070
0670327
5499258
4024138
7773066
4063992
3661087
3615203
5914466
1008783
0813138
9868834
2784817
5196093
2668210
5216464
3307958
2267260
3386578
0745114
0725897
4400194
0263977
5646497
9609245
6991660
3509983
2706978
5062172
1219220
7612591
0565658
9627228
8019251
1609300
4535245
7328759
9277284
1563203
6417351
0469829
2129606
1523007
7697470
3219868
6132367
5289827
2896864
6083773
1373043
2651068
4006210
7517403
7227345
3480226
2927108
1686783
4644796
0341198
7919831
4397001
9252970
7869685
5515044
5817001
7457463
2615288
2124934
5288980
9048107
9753507
2508179
6532191
3479209
9499320
4467098
4246097
5848720
1000876
1808295
6291919
1491218
6436756
9348328
6783778
3945766
6324431
8914650
3206607
9093850
9966541
5534372
0568299
6571982
3547143
6201276
4503557
0305783
6987585
3645577
3031857
8681267
0589740
9054885
5822983
8864119
9981300
7558515
2935433
6623911
8649401
6376933
3674493
7918157
1442138
9957503
6631654
8568283
0116185
0075468
9135182
8254811
6377325
0265872
0612464
0581860
5236660
8781392
5492660
7796274
1074875
3459721
9600898
7163550
3795084
3562345
3127469
3660701
5176559
0790527
8185542
1111480
5844041
9373856
4400822
0210282
1259260
3634248
3619348
5198911
4525304
0921866
8695821
0072803
4997318
9032602
7564660
9808655
2489100
1798617
8882829
3027545
6588498
5723944
9218561
5059553
8815960
3781840
1561481
1740785
7875706
8765869
4358808
0530311
8582322
7862847
6556750
1684637
6813012
5835764
3676325
3032437
0526765
9441043
5887288
1773463
9493061
6239537
3071711
1455267
9401335
1163491
3390276
5457433
0941650
9191879
7121480
2753708
1768007
5553355
2918289
4888244
9702417
4852720
9153119
3474130
0083364
9617136
8171033
7672206
4977963
9612896
1652939
0584043
1480267
0981285
9915285
3862229
6374651
1504099
3714247
5891940
7313253
6171481
8999323
6721978
2039547
3164771
4536514
8764403
2031833
4856356
0118262
5772698
9568676
7520233
5491254
8360901
1396730
9105087
8996903
9658220
6052031
1135752
5101501
3943288
8312302
9032020
2765099
0663941
0661042
4221242
2589568
8982237
3586103
9221346
0312512
8254337
3468251
2973467
6235180
6767506
4115161
4321682
7070864
4068811
6015155
3038063
8866268
4439645
1878122
3084142
1423497
1190530
1453470
2504786
6363287
9501425
7039121
6178840
9184255
3535405
0198533
2747463
7103952
8509779
2645517
7047239
6679023
2428615
0292783
2736576
4904031
2849533
5279049
5194597
7283892
8918946
5336751
4214369
9288367
4885937
9306767
7904976
3543679
7770854
8619902
4088400
1535967
9265712
9817427
5509694
3745097
1673425
3293609
0848207
4723523
0729797
9453302
4847458
4611172
8918181
0698902
0365270
0832320
7246665
4726930
1117180
9109348
8097346
0751675
0307130
7492764
7592439
2330378
2392387
9528119
4852539
2622178
4121544
0022968
9959004
0473137
3321016
9540710
6752186
6210207
2648087
6539748
6689930
8289681
1256707
3272012
8345180
7038399
4404503
7716627
9345743
1447270
7031502
0417122
0180856
3824989
2447124
6770121
7941650
4636538
2453066
0877547
2927955
7811821
6336748
7677248
4352854
0492234
1133722
2146662
9331633
4659044
0427371
3309867
9825021
8496261
5969155
7813411
9554027
8964432
3217811
7283957
9729139
1131937
6452251
0706350
7784009
5150067
8728789
4517309
0786145
9303753
1084227
2889690
2883403
9833209
9557907
2165426
3459909
7832819
0188585
2592189
6368754
4257917
0556501
3928594
8275131
4823597
0056390
6298398
8624883
9106296
7339298
3903359
9382191
7415994
3564076
1667852
4785379
5969872
2701693
1912883
9153651
0420247
7534652
4779254
7591360
6946926
4792893
7434563
9970283
1165439
4177126
6488504
4551849
4210740
6736229
5492280
6823057
2708297
6977534
7172705
4583391
3967065
6255216
9175728
2748015
2894309
8724035
3269608
0744488
7029992
2048416
6606509
6846011
6117089
1590971
0129870
3995954
3411161
0763057
5734449
7684772
8484001
1919841
2692632
4706890
9644670
7958386
3336752
0635402
9560622
9724291
7477318
4310732
7730656
8479304
9950366
5882298
4432716
3126394
2391375
9689313
8880173
0038714
2966002
6109691
2301776
5871417
5716975
6240728
6200482
6375094
8141742
8645311
5896310
7852754
4447855
9453367
6165301
9522508
5381051
3716820
7495331
5069745
3381832
1027330
8578057
0356354
4938802
5392222
2759896
5602620
2103572
6943528
1064693
8052567
1952728
5101123
6827119
4142396
3548540
9818040
0492557
0276172
9395400
0738093
0590810
8577246
6682955
1325795
6344772
5297119
0975372
4090798
9546427
0443859
7931374
7043232
2114143
7087520
6916376
0618735
4759386
3513220
8912497
8836829
2494850
1804257
5203979
6529439
7455143
6639730
6213626
4310419
4849605
8052925
2817529
8129925
1772803
1695368
0754948
4644249
5053031
1007587
4937172
9408769
5641302
5014625
0667740
2519426
2822975
4934148
2901393
6925600
6944894
0095789
2360790
2749287
4959694
3422381
3330126
1419855
9192198
8328799
5393293
0226245
3908578
7733272
6590398
9321837
3123850
4894294
1021034
0598836
0053198
7252277
5615625
0126503
5840087
8902651
8075437
8150043
3186568
7713498
8754457
5888213
2968839
9385973
7176000
8487952
2871181
0174848
5554927
5996942
9491906
5316109
9285148
6830847
0335564
0072298
3094092
0255061
8382993
7360284
6154316
8924783
1296618
0464616
7275728
7814801
4308875
4242439
3126644
9541179
8875506
1842607
6817397
5514118
0318956
9003696
8294926
4854110
3619935
8991895
2252360
3303259
5965856
9695774
9262445
0841264
7825826
3978521
3031306
8507365
6817840
5684358
9497919
4656623
4971956
9921703
8357813
5642998
9845122
9357098
1277214
6860339
0123014
9733045
1305337
2368257
2871285
3440695
8923150
4554455
3712702
0594314
7218215
0645707
1909120
7806217
5588442
4495423
5473380
8363517
4546591
1530646
1767530
9435487
1815784
1687136
2814611
3234694
5950918
6557356
3615218
3066625
7168306
9500952
6156041
2977939
1900231
6032298
8557939
5149251
9734149
8689971
4948960
2312117
6011468
2851033
5136141
1294680
7741358
3064974
4267649
0798590
5239589
3220960
4468759
1148247
6695136
8395261
8887142
0765970
6330605
6803100
7367914
3650350
7017080
0099141
0459925
7545352
1667532
5009303
5641560
3461082
1205356
2559951
7156843
2222523
3140682
1385924
3900227
7510846
8131907
2531186
7685061
3381938
8639922
2159767
2811634
7662841
9743880
6213295
4740953
0429894
4541351
9074771
0608555
7464666
8137042
5054893
9152169
7517274
6858137
4592858
2914886
7578984
6722015
7791757
2565399
5275110
9117224
3032615
7839769
1090116
6844196
7999333
6478148
8887948
3215150
2391417
9987679
1996958
7890252
6232192
9448644
7286427
1510756
8565144
5613290
3315651
4159849
5247001
4687163
0226951
7478901
4809440
8157548
5172953
8445775
9966644
1808833
3959327
7424431
3763163
6089337
6227573
6923237
4346880
5348415
5324764
7482055
3267703
2840802
7774328
7645756
8424057
1186809
3147308
2946174
6453562
1176896
6760661
4896722
9473527
3896834
4665156
0675641
4006491
5574306
4344177
2526978
6070998
7474310
7473365
8444166
5323269
7186016
5748946
4110575
4047123
2297943
4978360
3112564
4054645
1158693
4379687
3106622
5819573
3660087
4931525
2760597
7426922
5522967
8661246
1605979
9484168
4135956
5382974
5834641
9721821
0529610
0263654
2067032
6423964
5622563
6432582
8428708
6457965
8546342
2195599
8487581
2327248
7464285
0704612
1041139
4836720
0337531
3566750
2403399
7589329
4675475
6558990
0196858
9603905
7591831
7851527
4642833
6210886
6478810
4026473
3901108
0938950
9651440
5028395
5618949
9893479
0553828
3184707
8599188
4192003
5343126
9764068
8372523
6277455
5828372
5021955
4225351
5652508
0424779
2676842
1236747
0626057
7974203
5635146
3208497
5110633
5460581
0389613
5787750
3612962
8932348
1680362
3345169
6465483
9386831
7658513
1848931
7732857
1006307
7388493
3875517
7648213
8954850
7421855
4302265
1076330
7477421
1640872
8929832
0546338
6692633
4285672
7160608
6537928
3135642
1086677
8684700
6364829
2560727
5624305
6578583
8874389
6111145
2159926
1349034
6206744
4440983
7438893
8811681
8709935
3519244
1607285
6897855
5662850
1627521
9642371
1472965
5815273
8359678
0849822
7564781
9310147
9370324
0309102
5414354
1603959
4119948
1067332
5155240
1158769
1767591
7205604
5074541
7523064
6034788
7224082
3593971
4122478
6639086
7227506
7657092
5345078
4882584
3491967
4184038
4220389
7259750
6571745
7772514
3148205
7994742
0606815
5412656
7866275
3074012
3832861
4045264
5199979
5185001
7795652
9549880
2580292
2078813
1088476
3929313
7100568
0543244
0059599
6172025
1438152
8445622
2452986
8791464
5246515
7138469
0552655
7902199
4718293
3472513
1078886
6233557
4539520
7861207
5236020
4698517
3926386
0015137
1161262
8571696
7805818
9227007
2942523
1691142
5219298
8292876
8445624
9748615
7749376
5455255
2998865
1818716
4519158
0133889
2909972
5869464
9438078
1639637
0265259
5083736
0380883
1882841
8413158
9236933
6544917
0547572
9508970
6708678
4522355
6616561
6363700
5198069
0076765
8185272
5339998
0389134
1752495
2349137
1962423
4270304
3029180
7788016
2132860
1669257
2322137
5251833
9023343
6359855
4947745
4713636
4973188
4659011
1818785
8681074
1835425
8728796
6007773
9517547
7642421
8345847
3478363
6577127
5455528
8365100
4289007
9933629
6836346
3670028
0194462
4128039
2065011
2995611
2039034
0466834
6233523
6941654
0435452
9592268
8874039
0330736
5361493
6198172
7457302
5900680
3081638
3488071
0634822
5772303
2226473
3462946
1170707
6603849
9655818
3831673
1618412
2590124
3120647
5729739
2961511
4174758
2783897
2661331
6210877
1355211
9116080
0396750
0118631
0986644
2688165
5281909
1512109
8818656
6213931
8204787
6439912
1760994
9014978
9845362
7434093
5633432
5597009
8959078
1414193
4198970
0272322
0617473
1767103
2614487
8475811
0360522
0493777
0566133
3913122
5428547
8249750
5061106
3036451
7730309
8775101
4606473
3919622
8902894
7101484
8501270
2383934
6818699
1212665
0981086
3340995
7862449
4430229
1860915
5250287
6469557
5003917
2226857
1005141
6674446
9442877
8134999
2788506
7686773
3046109
0741099
7436805
7894436
0826476
4743321
1541430
8868268
0451756
8055413
0555062
6627283
7804959
5851683
6513986
7880945
9065700
7491553
6081180
0722261
0024563
4494726
6824006
8970682
7576103
7949357
2221887
8960060
1413491
2152095
8739252
6931484
5019747
3307447
6082371
6077672
4739096
8132834
8794275
1082915
1823614
7945246
1332193
8747374
6682644
5739475
1898444
0776417
9510499
7205429
3622822
5866092
6556401
8997630
4622236
4055096
5106045
6321787
2121272
4102047
2189434
0494241
5120378
8492635
0085298
1869094
9843350
0984524
9196421
1023485
3569650
8219437
3430261
1018103
7316044
5021004
0041457
4781600
2381939
3658199
0539367
7189299
3416735
2356589
4180490
1747182
3777684
0862678
5328167
2519841
9608914
7170625
8763900
8015251
6482480
7685566
9957128
2646846
1704597
4242400
7683268
5974867
3104511
8567986
7580569
9843799
0860196
1764602
3855035
0395412
4912821
0190760
3507888
2876469
9961345
7453151
8494283
7079663
7164349
3106503
3715910
2543641
2323412
3637717
3796366
6788955
8818514
9077277
7954954
4570515
0332359
8930836
5901522
1362222
2874283
5311814
0926215
7474091
4585467
2525279
5967971
1489111
3328098
7273840
0512799
5640639
2303190
4478296
5823134
9104112
4398852
9400948
9042928
0825377
8194962
6453391
2359532
8799160
2329839
4661190
4213277
3899393
0642040
1386337
9403174
0839267
2997410
2000955
2902033
6982932
0904968
4876172
8925804
2692241
0456579
1875110
9482745
9915976
3511329
0597562
2943736
4124508
9675006
2587989
4981622
5933565
0197824
1504380
0911388
1943264
1092879
6503453
3358774
0348890
5795446
0710496
2410645
2464816
7833883
2116509
3376336
7041711
6566224
6869065
1586872
9232629
2208036
7560312
2682230
9366141
0679247
2623757
1099242
7623760
6299359
2518278
7001879
5658046
9135861
3461260
6130409
3027721
5328854
9720211
6876070
4956273
5038378
7002738
9550169
2698963
6801660
5556512
3455939
0561091
7491272
1426783
0404403
0575345
6102370
9216554
0642082
7745982
4758146
8181679
2384843
0907493
7825318
3039985
3032611
7253104
2151655
7008569
5994607
2892303
8166963
5188652
4057763
8895988
3682061
3493444
7377026
5747632
0111165
7791428
6789226
2240519
7334612
7702053
3761664
5801330
0762980
1071276
2365176
7336754
1636980
2253446
4243217
1824930
2545515
2538426
5950658
9595025
3129353
9795127
8411538
4197201
3139123
8365798
4331531
1586345
9742393
2986574
0527192
7260148
0249708
0185650
8876574
6067602
6334147
6083208
8298836
9244188
6925296
1632991
2404472
1511067
7112141
2891352
6696536
2089244
3179148
0843286
0957030
1111009
4799990
9290234
3271162
9682655
8032503
1642700
8076194
2873484
7285092
5449935
3829976
0883138
8136152
0523064
9306617
5865252
1303998
9791570
1595332
7992380
6952079
2099182
6155467
1408685
5393965
6501840
2606337
6512642
8884644
2923145
3767508
4224289
9718540
6226088
9363760
8159198
8349032
1340226
5649897
0427944
0102401
9424452
8673847
6802775
2641400
3533944
6200581
0450230
3703438
3762068
7612724
0698765
0733093
8355722
4261735
6531687
4304603
6175222
1314694
0761682
3953469
9917217
7464669
0039601
8590468
6847492
3655236
6078280
6758633
9454230
8300949
5668815
5165586
8308969
9443730
6507198
7479405
5718035
2970786
6510198
6489836
0087579
4494478
2823016
1039014
2167606
1996604
9066839
2717202
2554577
1365417
6953771
3838056
1421530
2881437
4640657
4057341
3583506
1795893
0901176
2433483
4642728
3051191
9235011
8368853
5364835
2309035
6298330
2541249
5151370
4172683
8659965
1253172
3062988
9669745
9791533
5100835
1650226
7569863
8015465
9549577
1057254
7499693
3401592
8810040
0316675
3444008
5770302
0646600
5281254
1564025
2540075
9724393
1649663
8678139
3788297
2760259
3618167
4646310
5428822
6905663
5510885
3640022
5575010
0925572
0227556
3797061
1202015
9628344
5051633
6717720
1419497
3973042
3146625
6137664
9452358
7637729
0333283
2391519
8367651
6634087
1647827
8230738
9321099
0177284
5418932
1201726
9707532
3219312
9638774
6676308
0629244
6473964
9451238
9601684
8724082
0821193
7579907
4492628
0465998
4848310
1363627
4239369
9440582
1423038
0313300
5266505
3870308
9815008
2830541
0319504
3154720
5068284
7522787
7770546
8137701
0713918
7870316
0867958
8997581
4052033
6027882
7580066
1651492
9181308
6495136
6590400
5319844
3101364
9617815
5933789
1338260
8583416
4285195
1741781
9393083
3192255
2220756
1094779
3161225
9666377
5894736
0527040
8299895
0996576
9307740
6776579
4915914
4643901
9591877
7436561
9686264
0674838
4851635
0613152
3762210
2457543
0849344
5914542
3913907
5491758
3885753
3723643
9384015
2394800
1824881
0939690
0609788
2045991
5629416
3263271
5685701
2241292
9757077
4062273
6526723
2738536
0178409
5125639
8376102
5871600
8345553
0574090
4480533
5715893
2705299
8256589
8305066
9306529
2033406
7782696
0616724
9102949
8451406
5475066
3713203
1149623
1140344
9718779
8997462
9891540
4138734
5661347
0294296
2675563
0861451
0462587
8373430
5450990
5651223
1280611
5350251
8077744
4390118
1212085
7223069
3251050
0755428
1337404
2879021
2585784
5235873
1794081
4305378
6443827
4939831
1403437
4991096
9244427
2290388
7965839
1668372
6560925
5706215
7677077
9048398
7746231
8974102
9061076
5101784
2588597
8673214
8137024
5133739
4382669
8769136
4981035
6119506
1805639
2157091
6053545
3093075
0333151
5466204
1585935
4451469
8499629
1164566
5428986
3752454
6422629
9127105
4586480
9012103
8808347
6220889
8716608
5413903
8737558
0817656
6020993
1192727
8369724
8093706
3305424
2333322
7966538
6893150
0518521
3790366
7046268
4060564
5147848
3936852
6709902
9295849
2190857
5072017
8941600
1787831
4561241
0616924
3412019
4821276
7772989
9887549
0618140
9061694
8990856
6161787
8101234
1954860
4104722
7628224
4010862
2602452
3613820
8657732
2465670
0486505
0773088
5412878
2995828
6048353
2923631
1899608
3560689
5379139
6339015
4642546
4414575
4414793
4795632
0050500
3512799
2654823
3673718
0902016
4886052
8037325
1877345
1996434
8704845
3551311
8601721
9239101
6547206
9777253
8662248
6707614
8551978
9035503
3798433
8475914
6422801
8584513
8479186
8687286
2588250
9179022
2016304
3595172
0178269
0377334
2350265
1261556
4490317
8442944
0408800
3331752
2223971
0905472
9201789
3404758
5929249
8126341
4730167
4790464
8749180
6530517
4982872
6359865
4505064
9956263
1629421
9617837
2694753
3740398
6830863
8678277
0707469
0545467
1029774
7680605
3954484
4287069
6981920
3874735
2209231
8462856
9093409
0820341
7633914
2080659
8192483
6289941
1543684
8642110
6890531
7617592
0318019
3622808
1782323
6252727
0915158
9318708
8805468
9020136
4813537
4508426
9746873
3582526
9760356
0177838
8975143
5552540
2485726
5966356
3802614
4419146
2428125
5815607
8847302
7507221
4457011
2909505
9750278
2049897
7881486
4013654
5084447
0738665
5679284
3090516
0845796
8815180
6502137
0065454
6722726
6307676
2853012
6501739
9404917
6174076
7266547
2467380
1125519
7139696
8816057
3968701
8476198
3138960
6079567
8094822
5204198
9353941
8878770
9236014
7948737
5794945
3659019
1875382
9620133
5150293
3403674
0587868
9941874
6007437
8382708
4265488
2768680
0031412
0827453
7394830
4552791
9876131
7831087
1275254
0989494
5489241
5660497
1246157
9460926
7074605
9927836
9325415
6762151
3134617
6586955
2748583
4763765
0192790
9123161
0299112
9290932
4327718
1172500
1046554
4206603
8932187
0530126
1213858
8238789
0207821
2230604
8561988
6657189
6921380
2710849
0842508
8608194
5971647
3083437
0271092
1271765
2499494
2627961
5441751
7280152
4776457
0507531
4419819
7196407
3596747
7604891
5189953
8368888
8687054
9980109
3202043
0993225
2808530
3095560
2474750
4211689
6449336
9624371
1284238
6168190
4448651
1409729
0441436
1982520
9711878
2226331
5740804
5343736
0792977
7267547
8027549
0186317
9848366
6609061
6823238
1931201
8431883
2430786
6648915
4763148
7234494
1449543
3964064
4197887
4422255
7420743
2120511
6292511
3333204
9553119
7626526
7030844
6841901
1222114
1027645
7208045
1152480
7920425
8677930
9365581
8071859
9095597
6006989
4988304
9677918
9147370
4415853
0694343
5774051
3851924
7576629
4297169
4156967
0447505
3632072
1552329
2256209
9664361
9962207
9012118
6013425
7683761
3836467
1514786
0447338
0354103
0257595
6199346
0577671
4865517
1437469
7152277
7675689
8413925
2096903
8182473
6348316
8270624
6932317
8474241
4063638
7093012
6843533
4556235
6279885
1533516
3480342
2196167
0094764
9938409
9516075
9453759
6149282
4512695
7505112
9954575
0028531
7883341
5017659
4807036
5633829
7110736
0836376
8835926
7387502
6754596
4265522
6354172
4149984
0840722
7370327
8622559
5181603
8524621
7958641
6589612
1725990
9510343
4594756
1943674
2824795
2755289
2147472
8129778
1617931
3373175
2446180
7764806
5315743
8063557
3701971
3899310
1177901
4864725
1949486
1919106
2917309
4095959
7793414
6143894
1923877
9562226
2997579
8762978
5525584
8559171
0597799
1058132
2579635
8147394
6705415
4992401
0740661
9662768
7417946
7951266
4040611
5063510
6200282
1641298
7707722
2899754
0501239
2416387
2042687
2470402
2698092
6909401
2555671
9688473
3971838
9307543
7383918
9937014
4568495
7147529
8773024
6832271
1926650
6736933
5868872
3571639
1938852
3599501
4858056
0659068
6364738
0081703
1845907
0615779
4332526
7901409
9218785
9777649
3703210
9066020
4683509
0984708
4827982
8909885
6884490
8083987
3898341
3025354
1138018
0310755
5831769
2040939
1978874
5959696
4526484
8150756
5274226
5966521
9522845
3915971
1352323
9158906
1870714
3996108
0666765
3915922
4649929
7654925
5392449
9280731
3529980
0869711
8088428
5577054
4491174
9369947
0109044
6286919
4721119
5010840
3403990
5662153
5868011
2925224
1969138
3738657
2519068
2618523
4251484
9665172
0266339
6598206
8553590
2996494
5654622
2132596
6163527
5770072
8153364
3686113
8159869
7970829
6927463
9347325
2232375
5155875
3154436
0460827
2023841
8559938
3806815
9512789
1520081
9555847
0528610
2517831
3428370
7256136
5500954
5723453
6254484
3142668
9727524
5574241
4207651
1399323
0344333
9571178
9255461
6954082
5840717
8493562
1254847
3006798
9323813
5656233
4156149
9710744
7700612
8877017
7013479
9901069
9505877
4011829
0089212
0366373
6944717
5379771
5462507
5589600
7820567
1915279
7490103
7195490
3710222
4884163
9450633
2356176
8909360
3055626
6311506
7385722
5862161
4928514
7064464
9257018
1016085
6003655
3218837
6710047
4577430
5310917
8374355
2562356
5671762
6517742
6040094
8996598
9709012
5784891
3351634
6966561
2010475
1750086
1451822
8239700
7277484
0876297
1516752
6534719
2906886
0584937
0870933
2126221
4094271
0094038
7564894
5474804
2252960
3573698
5555539
6284784
8014303
5080351
9922652
0633031
7176117
2991138
7761321
9808773
8430350
1470135
9643204
6790594
4269487
5815553
9563013
8170938
2872320
0523088
8867719
2325797
3252989
0078054
9027792
9267807
8711586
7149210
1290501
2927835
8970270
4770637
6155577
4620885
4513548
9045886
3749577
0623555
4581277
7610869
4707932
7245355
9557968
4701998
9042877
3996524
7083541
5581483
8505638
9306934
3500640
6732717
8480513
8511243
9176785
4760242
2627600
2869731
9596168
1839488
7241350
9412265
8416519
2252946
0929915
3865110
5328506
3005215
1138740
7708078
9435055
4108388
9702100
2030423
3572175
0775324
5937704
8921690
4568876
0169857
8703188
6045710
6697204
2332715
8792878
7644372
8051334
3881679
9915717
6104231
1583965
2997468
7332287
3811297
6777615
5309481
3513589
9334353
6611513
3433807
1356736
8049181
4766623
5794300
2217880
0267687
7856098
6635741
3753732
6556982
3125869
0845560
7268558
3045539
6337044
0968710
0328739
2466449
7369964
8595423
3801369
8368251
9381869
4959632
8066670
5670018
9317048
0176295
8524715
1253079
0642123
4665283
1677845
2846189
1816815
2936702
4018959
5409817
2247247
2581512
9406634
7947875
8194725
3670351
5689492
2371629
8188421
6148413
5769683
9699972
4695218
9825615
0737421
8259201
1549329
9662711
8116025
1960941
9946241
9739292
9403476
9777461
6838008
7227073
6075265
9442009
4484386
9013501
2634575
9220537
6093347
7063068
9960341
8732487
4285938
0292912
4783152
9652200
7987311
2455905
0799035
3175178
9545503
0622310
5064193
3588314
8996013
1074938
2803253
7398556
9497863
2818556
7767424
6435571
4546615
3510329
1729713
1750833
4866329
1276270
1336291
6167745
1729475
8046965
7396472
6915512
4513960
9076718
3182687
0925069
3043748
6305164
3650445
3796545
9909117
0859377
7555615
9949709
5621557
2973123
3059019
6221568
0553646
2709760
4720331
7336551
4715170
0256424
7540064
1510179
3751679
2749430
8430596
4367094
0722883
9591468
6270277
0552839
7637634
5160636
0971088
1523322
1957654
5098545
4947648
3995765
7139555
6562742
4812993
3167590
8441352
0758203
2313200
7013334
7149956
2754818
5609657
6734720
2533072
1163920
9309925
9142421
6598305
7820731
8851097
4410614
9657417
9419030
9585634
9572612
0538396
8968249
5728041
8165159
6055259
0556249
3038005
6450993
0609324
0828636
3263370
1293915
9772854
9023604
4652418
8892948
9715311
2811121
7177252
3654374
6857163
2004430
2856840
6025984
9424487
1870729
8772929
2663670
9263758
5003771
3107929
8993772
2618642
3451058
2775056
8288486
2252712
6675374
6292318
3514250
6331615
9081097
9908352
8633209
6901027
4367656
9264156
3659909
4284834
9615073
7225487
9914695
9767442
7971177
0798195
6261976
0414239
2183186
4143940
8052430
7098806
6686038
1712709
1451800
6111469
2036220
9975179
9916533
1266117
9210821
8563737
4613164
4359564
1693740
6927528
8810563
5532150
0709905
8832067
1949180
2486626
3494306
5983790
2465743
0381609
3399665
6756273
6809082
7053104
7095270
5783184
7410712
0337734
4860284
3441882
8761006
4494321
9309143
7568791
6887812
1082861
8297588
0042967
9535406
5450866
4485737
2744162
8424101
8595145
7421794
2671128
9048693
8517206
2259907
2628678
5537521
0944711
1069753
2378959
7364900
1381659
9128054
8458791
4019114
9537848
0485830
2506368
6067958
1592336
6273069
3384188
2541251
0398921
4120235
3250500
0386709
2296958
5601243
2832855
4767110
9616190
1542438
0263250
3788037
2161904
0523723
0082145
8251167
9419790
0340297
0894144
3984899
1440400
9719355
3248011
2637692
5571384
8170252
5668146
2432068
3922138
1167516
6866262
5604483
5488599
0793244
5917987
2272526
5803091
1945515
9956332
8866376
6707750
3428099
6982755
1591502
7865439
4800180
6268523
4065834
9553897
3928750
0083277
5841172
7559327
0471639
0869478
9259847
9880883
7062424
7881216
6339666
6790297
4202950
1693148
7984454
7483649
4119455
2073176
4653117
8892897
4064063
4577859
4493349
1225951
6176001
7026626
2104053
5794989
6206942
2342258
8035133
0432782
1338502
3428850
7366055
5427043
3827338
6276601
2587944
3406044
3590292
3212137
7289521
6130504
4582371
8884058
4081991
6605020
3560748
9690171
1152623
9153778
5969955
6102530
9572329
3306145
5501251
3414037
6988258
1030806
2645818
6154182
1654849
3073619
2266111
1356256
5413206
5572358
1752815
5686804
5350812
8366495
0639992
0707597
5003577
2573057
1543371
8294736
9110323
4534307
3182910
6174978
8710226
8732279
8708649
0705230
5119757
5547601
6134920
1480810
7026288
6843588
1704351
3650770
3280863
7093652
1515763
2943552
8599555
8914626
0839381
3293445
0531595
4490189
2651661
9821167
1284310
9632879
4660404
3711606
2069811
2871550
4032236
3574159
1138540
8985047
0334955
6784211
4692630
6479345
8731573
3294363
9426361
7750409
6386760
4864611
9095677
8701601
6596233
3100287
8645499
8969025
2347022
9184660
9010819
7639562
4196355
9570826
0072323
4769685
9360379
0810454
4141874
3725129
7186286
1078620
0734684
4470031
9354270
1142443
2355486
9985970
4802426
4203882
9114403
8474354
4881637
8374611
1815051
0512800
7858211
2800585
5835925
0733777
6747245
9907835
4683581
2312594
4617670
9836074
0054714
7201849
7467551
7559465
0747256
2880211
1945183
7096320
1939893
0294881
8471226
1682202
7835411
8416354
5423173
9986288
8449606
7456415
3783667
1797500
9632487
5376198
6284898
5834679
7290720
0027653
9130109
6809523
9609026
1352571
6539712
2452320
8245652
1034993
7957873
6749592
8645729
0953550
5509503
7565750
2489437
9892592
5861185
9899684
2632584
5823345
3263945
3551122
0478603
3337288
4353658
6246379
6823321
6936648
2312177
2768772
1602630
2227913
1127573
4865904
7074906
2778094
6272651
5936858
7604225
1346814
4860443
2210039
4422224
8704676
3959504
0899080
7214937
9275893
9835231
0200873
5446983
3694970
8466733
5738533
3832805
2741611
9268008
3069254
3809833
6812836
9278780
4767393
9217543
2221233
6856000
2377198
4824131
8455596
7508466
4520843
1433289
3363318
3383238
6125358
1172494
5471087
4857063
5315932
9694053
6855887
3633150
2394276
5900270
3345592
2434042
7012966
1195484
6812065
3027327
0601350
6819859
6267533
0339905
4128922
6197076
1227434
4927088
2168832
7741016
7814106
5072288
5018104
2206822
6808762
8928457
9771676
6614708
4930164
4009205
1962898
0786267
3376227
2193258
7530042
5580354
8423326
1486985
1695583
6464493
1385568
4512646
4326703
4780426
0257720
2994537
3503750
1609630
7488997
3262756
2958198
2515441
8193088
0801576
0549816
9191764
7487484
1767915
5422903
5455211
7635005
7991411
0938431
